,Unnamed: 0.8,Unnamed: 0.7,Unnamed: 0.6,Unnamed: 0.5,Unnamed: 0.4,Unnamed: 0.3,Unnamed: 0.2,Unnamed: 0.1,Unnamed: 0,gTON_STN_MEAN_nS_pF,gTON_STN_SIGMA,gTON_STN_THETA,gTON_CL_S_MEAN_nS_pF,gTON_CL_S_SIGMA,gTON_CL_S_THETA,gTON_CL_D_MEAN_nS_pF,gTON_CL_D_SIGMA,gTON_CL_D_THETA,gKCC2_S_nS_pF,gKCC2_D_nS_pF,gTRPC3_nS_pF,gHCN_nS_pF,gCA_nS_pF,gL_nS_pF,gSK_nS_pF,gNAP_nS_pF,gNAF_nS_pF,gKDR_nS_pF,gSD_nS,soma_noise_intensity,soma_noise_intensity_theta,dend_noise_intensity,dend_noise_intensity_theta,Eleak_mV,CL_in_S,CL_in_D,Iapp,Iapp_dend,gpe_stim,gpe_stim_freqs,gpe_poisson,W_gpe,gpe_start_time,gpe_base_length,gpe_stim_length,gpe_post_length,str_stim,str_stim_freqs,str_poisson,W_str,str_start_time,str_base_length,str_stim_length,str_post_length,tausyn,tauexc,tausyn_dend,pre_exp_fr,pre_exp_cv,pre_exp_fr_zscore,pre_exp_cv_zscore,connections,total_weight,sim,rel_error
0,0.0,0.0,0.0,0.0,0.0,0.0,172.0,124120.0,20.0,0.0288510587382989,0.02,0.001,0.0033385,0.02,0.001,0.001101705,0.008,0.0004,0.0006963,0.0006963,0.07308312,0.0,0.764274,0.054807,0.008124,0.1595,43.4084,63.5912,26.5,0.3539599999999999,0.1,0.1416,0.04,-58.9219,11.760636859179861,8.676615892577354,0.0,0.0,0.0,0.0,0.0,0.0,0.0,0.0,0.0,0.0,0.0,0.0,0.0,0.0,0.0,0.0,0.0,0.0,3.0,5.0,6.47844e-314,4.0,0.1989401832901281,-0.4660118681991761,0.21086965607091,1.0,0.238459,1242.0,0.0065670445809396
1,1.0,1.0,1.0,1.0,1.0,1.0,160.0,14010.0,10.0,0.0248563673732852,0.02,0.001,0.0042229,0.02,0.001,0.001393557,0.008,0.0004,0.00188628,0.00188628,0.07657188,0.0,0.834204,0.049134,0.010386,0.16971,38.325,35.7532,26.5,0.05412,0.1,0.02164,0.04,-57.6004,9.684522704697734,6.727775830300792,0.0,0.0,0.0,0.0,0.0,0.0,0.0,0.0,0.0,0.0,0.0,0.0,0.0,0.0,0.0,0.0,0.0,0.0,3.0,5.0,1e-323,4.5,0.3642236488056772,-0.5378697235056932,1.0770731141627266,2.0,0.197436,141.0,0.0080457733911297
2,2.0,2.0,2.0,2.0,2.0,2.0,134.0,83141.0,41.0,0.0308010534439863,0.02,0.001,0.0020108,0.02,0.001,0.000663564,0.008,0.0004,0.00465366,0.00465366,0.07042926,0.0,0.613854,0.048737,0.006151,0.126082,32.6539,48.2419,26.5,0.52364,0.1,0.20944,0.04,-59.5337,5.742504455631773,4.641248355099885,0.0,0.0,0.0,0.0,0.0,0.0,0.0,0.0,0.0,0.0,0.0,0.0,0.0,0.0,0.0,0.0,0.0,0.0,3.0,5.0,6.43493e-314,1.5,0.3396957864020186,-1.2288385601237133,1.1028568221413688,6.0,1.429099,832.0,0.0350690184902967
3,3.0,3.0,3.0,3.0,3.0,3.0,120.0,103267.0,67.0,0.0239557771322881,0.02,0.001,0.0010582,0.02,0.001,0.000349206,0.008,0.0004,0.00176022,0.00176022,0.0607662,0.0,0.810504,0.043855,0.008438,0.192658,34.6124,54.8244,26.5,0.03884,0.1,0.01556,0.04,-58.3522,6.307826408426488,4.866490584459955,0.0,0.0,0.0,0.0,0.0,0.0,0.0,0.0,0.0,0.0,0.0,0.0,0.0,0.0,0.0,0.0,0.0,0.0,3.0,5.0,4.26895e-314,3.0,0.2462019474422914,-1.2643904176053913,0.5350486046522148,2.0,0.864421,1033.0,0.0570580155796216
4,4.0,4.0,4.0,4.0,4.0,4.0,143.0,26802.0,2.0,0.0324850442056138,0.02,0.001,0.0047674,0.02,0.001,0.001573242,0.008,0.0004,0.0013695,0.0013695,0.05015472,0.0,0.770625,0.032538,0.002688,0.036901,49.5213,18.1453,26.5,0.02568,0.1,0.01028,0.04,-58.0617,10.937185603167217,7.792795481788249,0.0,0.0,0.0,0.0,0.0,0.0,0.0,0.0,0.0,0.0,0.0,0.0,0.0,0.0,0.0,0.0,0.0,0.0,3.0,5.0,0.0,3.5,0.0490699664132461,-0.552204380981023,-0.1208969605402268,2.0,0.123404,269.0,0.1016783237457326
5,5.0,5.0,5.0,5.0,5.0,5.0,210.0,118476.0,76.0,0.0311665893525099,0.02,0.001,0.0012958,0.02,0.001,0.000427614,0.008,0.0004,0.00564036,0.00564036,0.03825492,0.0,0.675808,0.043778,0.00805,0.169077,19.2961,52.2104,26.5,0.04248,0.1,0.0169999999999999,0.04,-56.3618,4.990394952825322,4.364148880311927,0.0,0.0,0.0,0.0,0.0,0.0,0.0,0.0,0.0,0.0,0.0,0.0,0.0,0.0,0.0,0.0,0.0,0.0,3.0,5.0,6.40663e-314,4.5,0.3945991857359928,-0.5907453937081006,1.016948331832718,2.0,0.924156,1185.0,0.0424577275202442
6,6.0,6.0,6.0,6.0,6.0,6.0,214.0,88464.0,64.0,0.0323329082813785,0.02,0.001,0.0095513,0.02,0.001,0.003151929,0.008,0.0004,0.00240372,0.00240372,0.0612486599999999,0.0,0.752844,0.047607,0.012124,0.143029,36.3532,51.4186,26.5,0.02164,0.1,0.00864,0.04,-56.3391,11.288868206634405,8.14935716640816,0.0,0.0,0.0,0.0,0.0,0.0,0.0,0.0,0.0,0.0,0.0,0.0,0.0,0.0,0.0,0.0,0.0,0.0,3.0,5.0,3.14384e-319,5.0,0.1980513761816469,-0.4387789792136601,0.6224500282030175,2.0,0.573553,885.0,0.0033797592753633
7,7.0,7.0,7.0,7.0,7.0,7.0,224.0,124005.0,5.0,0.0301019183729127,0.02,0.001,0.0031867,0.02,0.001,0.001051611,0.008,0.0004,0.0034518,0.0034518,0.07499844,0.0,0.546054,0.049139,0.009404,0.197402,39.4139,30.6725,26.5,0.05792,0.1,0.02316,0.04,-57.8008,7.238915467717064,5.278551407548268,0.0,0.0,0.0,0.0,0.0,0.0,0.0,0.0,0.0,0.0,0.0,0.0,0.0,0.0,0.0,0.0,0.0,0.0,3.0,5.0,0.0,4.0,0.391251457272221,-0.5207775555713372,1.3999410852843266,3.0,1.5485,1241.0,0.0353312884318853
8,8.0,8.0,8.0,8.0,8.0,8.0,185.0,81528.0,28.0,0.0326701616470407,0.02,0.001,0.0019085,0.02,0.001,0.000629805,0.008,0.0004,0.00259314,0.00259314,0.0746592,0.0,0.548279,0.036129,0.009109,0.134614,32.0256,51.2327,26.5,0.40896,0.1,0.1636,0.04,-59.4177,6.719555557613844,5.041736395947108,0.0,0.0,0.0,0.0,0.0,0.0,0.0,0.0,0.0,0.0,0.0,0.0,0.0,0.0,0.0,0.0,0.0,0.0,3.0,5.0,4.82e-321,4.0,0.2502248238373493,-0.5753229731691537,0.6737822922654476,2.0,0.622449,816.0,0.0254303052102637
9,9.0,9.0,9.0,9.0,9.0,9.0,227.0,60156.0,56.0,0.029088270777105,0.02,0.001,0.0035662,0.02,0.001,0.001176846,0.008,0.0004,0.0008184,0.0008184,0.09963426,0.0,0.570899,0.041789,0.009499,0.079895,50.0191,38.9132,26.5,0.3098,0.1,0.12392,0.04,-59.3904,11.52487215879184,8.405666046531588,0.0,0.0,0.0,0.0,0.0,0.0,0.0,0.0,0.0,0.0,0.0,0.0,0.0,0.0,0.0,0.0,0.0,0.0,3.0,5.0,6.41221e-314,7.5,0.5112738888052302,-0.1979918135255788,1.986303113612099,0.0,0.0,602.0,0.0112690673663411
10,10.0,10.0,10.0,10.0,10.0,10.0,112.0,77711.0,11.0,0.0308839755368767,0.02,0.001,0.0108174,0.02,0.001,0.003569742,0.008,0.0004,0.00277662,0.00277662,0.07358274,0.0,0.597808,0.041812,0.010779,0.233088,26.2659,26.644,26.5,0.54896,0.1,0.2196,0.04,-58.3303,11.237348220755885,8.09528096372142,0.0,0.0,0.0,0.0,0.0,0.0,0.0,0.0,0.0,0.0,0.0,0.0,0.0,0.0,0.0,0.0,0.0,0.0,3.0,5.0,4.26057e-314,10.0,0.2318144962539224,0.1431083505599867,0.0676286356217033,1.0,0.235216,778.0,0.0054583486361398
11,11.0,11.0,11.0,11.0,11.0,11.0,45.0,14965.0,65.0,0.0277015420693753,0.02,0.001,0.0063129,0.02,0.001,0.002083257,0.008,0.0004,0.00128238,0.00128238,0.07595214,0.0,0.581415,0.050626,0.010004,0.181358,35.4941,44.8527,26.5,0.44844,0.1,0.1794,0.04,-58.9538,11.82404322244192,8.752175879785945,0.0,0.0,0.0,0.0,0.0,0.0,0.0,0.0,0.0,0.0,0.0,0.0,0.0,0.0,0.0,0.0,0.0,0.0,3.0,5.0,6.40597e-314,7.5,0.1825167668614295,-0.1055090214204873,0.1926688235356071,1.0,0.079759,150.0,0.0023569674724055
12,12.0,12.0,12.0,12.0,12.0,12.0,139.0,79571.0,71.0,0.033024461451351,0.02,0.001,0.0063657,0.02,0.001,0.002100681,0.008,0.0004,0.00250338,0.00250338,0.06576768,0.0,0.629857,0.037472,0.01047,0.148956,38.546,47.5841,26.5,0.46112,0.1,0.18444,0.04,-56.0686,10.054365777832224,7.012896967816574,0.0,0.0,0.0,0.0,0.0,0.0,0.0,0.0,0.0,0.0,0.0,0.0,0.0,0.0,0.0,0.0,0.0,0.0,3.0,5.0,4.24751e-314,9.5,0.1453491971958857,0.0850403240103491,-0.1940842271680165,1.0,0.421595,796.0,0.0389541053227404
13,13.0,13.0,13.0,13.0,13.0,13.0,122.0,75850.0,50.0,0.0242330165394595,0.02,0.001,0.002706,0.02,0.001,0.00089298,0.008,0.0004,0.00448734,0.00448734,0.0810084,0.0,0.391837,0.04124,0.010711,0.129274,39.0439,48.4102,26.5,0.03268,0.1,0.01308,0.04,-56.399,6.313720379419183,4.868928500448408,0.0,0.0,0.0,0.0,0.0,0.0,0.0,0.0,0.0,0.0,0.0,0.0,0.0,0.0,0.0,0.0,0.0,0.0,3.0,5.0,4.24544e-314,8.5,0.4780396929864523,-0.0688713525107662,1.775647028339732,1.0,0.432949,759.0,2.9392843788103915e-05
14,14.0,14.0,14.0,14.0,14.0,14.0,241.0,88926.0,26.0,0.0282672170089422,0.02,0.001,0.0051667,0.02,0.001,0.001705011,0.008,0.0004,0.00433884,0.00433884,0.04213374,0.0,0.470485,0.027191,0.009969,0.186572,47.0454,20.4499,26.5,0.38128,0.1,0.15252,0.04,-58.4085,7.888209622021606,5.6035756979899585,0.0,0.0,0.0,0.0,0.0,0.0,0.0,0.0,0.0,0.0,0.0,0.0,0.0,0.0,0.0,0.0,0.0,0.0,3.0,5.0,4.11e-321,5.5,0.4658087204834373,-0.4470508676769117,1.5797431871171563,2.0,0.538683,890.0,0.0012526008217884
15,15.0,15.0,15.0,15.0,15.0,15.0,189.0,58548.0,48.0,0.0329934071957675,0.02,0.001,0.0063855,0.02,0.001,0.002107215,0.008,0.0004,0.00329934,0.00329934,0.08107242,0.0,0.792789,0.043561,0.006943,0.193692,42.626,38.7329,26.5,0.48932,0.1,0.19572,0.04,-57.2622,9.259467130977576,6.425726453673791,0.0,0.0,0.0,0.0,0.0,0.0,0.0,0.0,0.0,0.0,0.0,0.0,0.0,0.0,0.0,0.0,0.0,0.0,3.0,5.0,1.16585e-54,9.5,0.3273937893938073,0.1668730430078696,1.1054494725058597,3.0,0.5384329999999999,586.0,0.0244343795076215
16,16.0,16.0,16.0,16.0,16.0,16.0,15.0,103745.0,45.0,0.0311368243538784,0.02,0.001,0.0052283,0.02,0.001,0.001725339,0.008,0.0004,0.00283932,0.00283932,0.0681516,0.0,0.677797,0.039555,0.008847,0.149091,38.5793,40.4266,26.5,0.43472,0.1,0.17388,0.04,-57.1206,9.114458124889934,6.328401023595648,0.0,0.0,0.0,0.0,0.0,0.0,0.0,0.0,0.0,0.0,0.0,0.0,0.0,0.0,0.0,0.0,0.0,0.0,3.0,5.0,0.0,8.5,0.2896728434639072,0.0929826880266719,1.1388045429097051,1.0,0.40011,1038.0,0.007382733772461
17,17.0,17.0,17.0,17.0,17.0,17.0,193.0,19149.0,49.0,0.0282076596504186,0.02,0.001,0.003102,0.02,0.001,0.00102366,0.008,0.0004,0.00130944,0.00130944,0.08453082,0.0,0.846194,0.031748,0.01435,0.236351,32.1249,56.4262,26.5,0.5491999999999999,0.1,0.21968,0.04,-57.784,9.849126773337217,6.851959492131327,0.0,0.0,0.0,0.0,0.0,0.0,0.0,0.0,0.0,0.0,0.0,0.0,0.0,0.0,0.0,0.0,0.0,0.0,3.0,5.0,6.41663e-314,9.0,0.3542399154597326,-0.0632888037083952,0.933455787648628,3.0,0.359607,192.0,0.0143051857809303
18,18.0,18.0,18.0,18.0,18.0,18.0,44.0,120838.0,38.0,0.028643390579043,0.02,0.001,0.0025707,0.02,0.001,0.000848331,0.008,0.0004,0.00140382,0.00140382,0.0822261,0.0,1.14184,0.023016,0.009319,0.186819,29.6224,43.9336,26.5,0.04792,0.1,0.01916,0.04,-57.5248,9.09834814960229,6.317758107013468,0.0,0.0,0.0,0.0,0.0,0.0,0.0,0.0,0.0,0.0,0.0,0.0,0.0,0.0,0.0,0.0,0.0,0.0,3.0,5.0,4.27978e-314,13.0,0.2656944401746637,0.4747132992542164,0.6714451026462563,2.0,0.858376,1209.0,0.0233075898357955
19,19.0,19.0,19.0,19.0,19.0,19.0,59.0,110357.0,57.0,0.0248327835975269,0.02,0.001,0.0016467,0.02,0.001,0.000543411,0.008,0.0004,0.00056166,0.00056166,0.06115296,0.0,0.697925,0.024272,0.009788,0.18375,32.4448,32.8596,26.5,0.392,0.1,0.1568,0.04,-57.757,10.461259996218711,7.353583506500858,0.0,0.0,0.0,0.0,0.0,0.0,0.0,0.0,0.0,0.0,0.0,0.0,0.0,0.0,0.0,0.0,0.0,0.0,3.0,5.0,4.26391e-314,13.5,0.2518934281777235,0.7180236346487233,0.2727755679555085,1.0,0.449987,1104.0,0.0185065540179815
20,20.0,20.0,20.0,20.0,20.0,20.0,56.0,122806.0,6.0,0.0276542164608774,0.02,0.001,0.0032186,0.02,0.001,0.001062138,0.008,0.0004,0.00234168,0.00234168,0.07939734,0.0,0.281659,0.028491,0.014497,0.186541,44.4114,54.3134,26.5,0.0436,0.1,0.01744,0.04,-58.573,8.279468798260805,5.817494044841065,0.0,0.0,0.0,0.0,0.0,0.0,0.0,0.0,0.0,0.0,0.0,0.0,0.0,0.0,0.0,0.0,0.0,0.0,3.0,5.0,0.0,15.0,0.2374074746593366,0.6953163237692611,0.2949573459555362,1.0,0.353473,1229.0,0.0194928339354373
21,21.0,21.0,21.0,21.0,21.0,21.0,2.0,12384.0,84.0,0.0321085807239873,0.02,0.001,0.0054769,0.02,0.001,0.001807377,0.008,0.0004,0.00066462,0.00066462,0.07689924,0.0,0.698501,0.048105,0.008109,0.238944,25.874,57.6584,26.5,0.433,0.1,0.1732,0.04,-59.927,12.906274448620078,10.247365206737966,0.0,0.0,0.0,0.0,0.0,0.0,0.0,0.0,0.0,0.0,0.0,0.0,0.0,0.0,0.0,0.0,0.0,0.0,3.0,5.0,6.40149e-314,13.5,0.0545474556878352,0.5997540761982842,-0.5429660268063401,0.0,0.0,124.0,0.0023981011602142
22,22.0,22.0,22.0,22.0,22.0,22.0,198.0,79301.0,1.0,0.0281427325213284,0.02,0.001,0.0108174,0.02,0.001,0.003569742,0.008,0.0004,0.00277662,0.00277662,0.06855618,0.0,1.03845,0.048199,0.006811,0.22498,26.4192,53.4346,26.5,0.39304,0.1,0.1572,0.04,-56.588,11.237348220755885,8.09528096372142,0.0,0.0,0.0,0.0,0.0,0.0,0.0,0.0,0.0,0.0,0.0,0.0,0.0,0.0,0.0,0.0,0.0,0.0,3.0,5.0,0.0,14.0,0.4190266740930285,0.5455811758118222,1.2683512682241371,1.0,0.226099,794.0,0.0031636813669761
23,23.0,23.0,23.0,23.0,23.0,23.0,54.0,103198.0,98.0,0.0277951781000018,0.02,0.001,0.0010373,0.02,0.001,0.000342309,0.008,0.0004,0.00301884,0.00301884,0.06452094,0.0,0.750254,0.040645,0.008536,0.168722,39.2269,51.9269,26.5,0.38932,0.1,0.15572,0.04,-56.4238,5.423879122358035,4.521059150223588,0.0,0.0,0.0,0.0,0.0,0.0,0.0,0.0,0.0,0.0,0.0,0.0,0.0,0.0,0.0,0.0,0.0,0.0,3.0,5.0,0.0,11.0,0.2972297298743744,0.6448681634677028,0.6827794781566494,1.0,0.430372,1032.0,0.0255541008799565
24,24.0,24.0,24.0,24.0,24.0,24.0,28.0,76101.0,1.0,0.0302023288510752,0.02,0.001,0.0006655,0.02,0.001,0.000219615,0.008,0.0004,0.0015972,0.0015972,0.0919083,0.0,0.959344,0.03745,0.011965,0.176048,35.9093,46.1476,26.5,0.44696,0.1,0.1788,0.04,-58.5398,5.688108654261769,4.620410181165574,0.0,0.0,0.0,0.0,0.0,0.0,0.0,0.0,0.0,0.0,0.0,0.0,0.0,0.0,0.0,0.0,0.0,0.0,3.0,5.0,0.0,15.0,0.1151673104546604,0.7673168766386821,-0.6258785066599097,1.0,0.236578,762.0,0.0530191944756597
25,25.0,25.0,25.0,25.0,25.0,25.0,78.0,42374.0,74.0,0.0257805242443563,0.02,0.001,0.0045309,0.02,0.001,0.001495197,0.008,0.0004,0.00078474,0.00078474,0.08432292,0.0,0.722432,0.048472,0.009166,0.185284,40.1272,49.5612,26.5,0.3209999999999999,0.1,0.1284,0.04,-58.4947,12.191218697339707,9.21385210066713,0.0,0.0,0.0,0.0,0.0,0.0,0.0,0.0,0.0,0.0,0.0,0.0,0.0,0.0,0.0,0.0,0.0,0.0,3.0,5.0,6.43609e-314,13.0,0.2086861067015866,0.3484690264187913,0.3066775540461073,1.0,0.200956,424.0,0.0002921738975285
26,26.0,26.0,26.0,26.0,26.0,26.0,50.0,49470.0,70.0,0.0312795840540236,0.02,0.001,0.0071687,0.02,0.001,0.002365671,0.008,0.0004,0.00394614,0.00394614,0.06425298,0.0,0.800857,0.02436,0.00954,0.110521,39.2931,38.8521,26.5,0.03684,0.1,0.01472,0.04,-54.1004,9.075113538308022,6.302467032160671,0.0,0.0,0.0,0.0,0.0,0.0,0.0,0.0,0.0,0.0,0.0,0.0,0.0,0.0,0.0,0.0,0.0,0.0,3.0,5.0,6.43945e-314,11.5,0.2307279149835355,0.4042280483453833,0.3482490937500056,1.0,0.202567,495.0,0.0110902251156885
27,27.0,27.0,27.0,27.0,27.0,27.0,237.0,44481.0,81.0,0.0355986972391461,0.02,0.001,0.0094193,0.02,0.001,0.003108369,0.008,0.0004,0.00102696,0.00102696,0.08315472,0.0,0.801517,0.037433,0.011333,0.164652,37.3136,48.2578,26.5,0.04004,0.1,0.016,0.04,-57.384,13.092983470454879,10.550981385880744,0.0,0.0,0.0,0.0,0.0,0.0,0.0,0.0,0.0,0.0,0.0,0.0,0.0,0.0,0.0,0.0,0.0,0.0,3.0,5.0,4.28315e-314,15.0,0.1286359399524383,0.5543494569256167,-0.0830401857068401,1.0,0.240077,445.0,0.2031112524401148
28,28.0,28.0,28.0,28.0,28.0,28.0,53.0,48753.0,53.0,0.0306152489979124,0.02,0.001,0.00187,0.02,0.001,0.0006171,0.008,0.0004,0.00054186,0.00054186,0.07343424,0.0,0.852243,0.040624,0.009713,0.200049,35.7295,56.1758,26.5,0.50444,0.1,0.20176,0.04,-56.438,10.91364679271858,7.76994692005368,0.0,0.0,0.0,0.0,0.0,0.0,0.0,0.0,0.0,0.0,0.0,0.0,0.0,0.0,0.0,0.0,0.0,0.0,3.0,5.0,4.27795e-314,13.5,0.2462504730532058,0.9941600150440252,0.7465597095503389,1.0,0.233031,488.0,0.1349094102179775
29,29.0,29.0,29.0,29.0,29.0,29.0,152.0,98897.0,97.0,0.0314785423709728,0.02,0.001,0.0038247,0.02,0.001,0.001262151,0.008,0.0004,0.00071148,0.00071148,0.07597986,0.0,0.282753,0.036331,0.014238,0.23287,37.2503,67.3875,26.5,0.0246,0.1,0.00984,0.04,-59.4996,12.030176705290533,9.006146675835696,0.0,0.0,0.0,0.0,0.0,0.0,0.0,0.0,0.0,0.0,0.0,0.0,0.0,0.0,0.0,0.0,0.0,0.0,3.0,5.0,4.26732e-314,13.0,0.178275331627504,0.4441229733672129,0.2186427604533575,1.0,0.182454,989.0,0.089942439312488
30,30.0,30.0,30.0,30.0,30.0,30.0,131.0,16262.0,62.0,0.0250032577594392,0.02,0.001,0.0011319,0.02,0.001,0.000373527,0.008,0.0004,0.00283272,0.00283272,0.08552016,0.0,0.524557,0.039445,0.00746,0.180893,39.5662,58.3178,26.5,0.0579999999999999,0.1,0.0232,0.04,-59.2568,5.627286070403531,4.597269798731923,0.0,0.0,0.0,0.0,0.0,0.0,0.0,0.0,0.0,0.0,0.0,0.0,0.0,0.0,0.0,0.0,0.0,0.0,3.0,5.0,0.0,18.5,0.1166896498719792,1.3687815557299334,-0.1260427033785496,2.0,0.271155,163.0,0.3466776054350446
31,31.0,31.0,31.0,31.0,31.0,31.0,174.0,20838.0,38.0,0.0302665371739299,0.02,0.001,0.0071192,0.02,0.001,0.002349336,0.008,0.0004,0.00321882,0.00321882,0.0792363,0.0,0.488331,0.035333,0.005687,0.145345,42.9498,64.2633,26.5,0.0625199999999999,0.1,0.025,0.04,-56.3019,9.649127777834185,6.701618809511646,0.0,0.0,0.0,0.0,0.0,0.0,0.0,0.0,0.0,0.0,0.0,0.0,0.0,0.0,0.0,0.0,0.0,0.0,3.0,5.0,4.25246e-314,20.0,0.1050262684824146,1.0535514261330068,0.3048108901683382,1.0,0.117489,209.0,0.4910047883491287
32,32.0,32.0,32.0,32.0,32.0,32.0,16.0,60088.0,88.0,0.0300316345450092,0.02,0.001,0.0010274,0.02,0.001,0.000339042,0.008,0.0004,0.00183546,0.00183546,0.06932178,0.0,0.966678,0.016812,0.010501,0.175653,36.6325,30.9438,26.5,0.03532,0.1,0.01412,0.04,-55.9236,6.174497403573304,4.811859650532057,0.0,0.0,0.0,0.0,0.0,0.0,0.0,0.0,0.0,0.0,0.0,0.0,0.0,0.0,0.0,0.0,0.0,0.0,3.0,5.0,6.40995e-314,16.0,0.2854619022450324,0.5276431840801881,0.6024260775877389,3.0,0.819856,601.0,0.0837632090945202
33,33.0,33.0,33.0,33.0,33.0,33.0,86.0,80365.0,65.0,0.0339312709563064,0.02,0.001,0.0025443,0.02,0.001,0.000839619,0.008,0.0004,0.00096426,0.00096426,0.06449322,0.0,0.634003,0.047309,0.006194,0.236617,30.5806,47.8137,26.5,0.28776,0.1,0.11512,0.04,-54.3827,10.160855146279475,7.099195311722158,0.0,0.0,0.0,0.0,0.0,0.0,0.0,0.0,0.0,0.0,0.0,0.0,0.0,0.0,0.0,0.0,0.0,0.0,3.0,5.0,6.44226e-314,16.0,0.2746524719487551,1.320252683460153,0.891061521546561,2.0,0.577625,804.0,0.0596327337802593
34,34.0,34.0,34.0,34.0,34.0,34.0,168.0,22510.0,10.0,0.0308244474577164,0.02,0.001,0.0074976,0.02,0.001,0.002474208,0.008,0.0004,0.00284394,0.00284394,0.0777183,0.0,0.784945,0.047659,0.004951,0.221608,42.3168,77.2786,26.5,0.48264,0.1,0.1930799999999999,0.04,-59.6367,10.158391224651107,7.097176312515167,0.0,0.0,0.0,0.0,0.0,0.0,0.0,0.0,0.0,0.0,0.0,0.0,0.0,0.0,0.0,0.0,0.0,0.0,3.0,5.0,1e-323,18.0,0.186832725330805,1.08509837977487,0.3470558812825028,3.0,0.276453,226.0,0.0102339257310967
35,35.0,35.0,35.0,35.0,35.0,35.0,217.0,11296.0,96.0,0.0217333963220629,0.02,0.001,0.0070818,0.02,0.001,0.002336994,0.008,0.0004,0.00287958,0.00287958,0.07301712,0.0,0.659977,0.034486,0.008537,0.215517,46.5294,39.4621,26.5,0.0392,0.1,0.01568,0.04,-58.6915,9.957767068695803,6.936283512630749,0.0,0.0,0.0,0.0,0.0,0.0,0.0,0.0,0.0,0.0,0.0,0.0,0.0,0.0,0.0,0.0,0.0,0.0,3.0,5.0,6.48285e-314,19.0,0.0932214976623693,1.4044663279989216,-0.2274993541023834,1.0,0.058558,113.0,0.0307116945273505
36,36.0,36.0,36.0,36.0,36.0,36.0,6.0,133880.0,80.0,0.0276241498324732,0.02,0.001,0.0010857,0.02,0.001,0.000358281,0.008,0.0004,0.00195294,0.00195294,0.05340984,0.0,0.74922,0.040325,0.004993,0.209732,37.7276,66.9902,26.5,0.0409599999999999,0.1,0.01636,0.04,-57.7179,6.162037332364513,4.806804031174695,0.0,0.0,0.0,0.0,0.0,0.0,0.0,0.0,0.0,0.0,0.0,0.0,0.0,0.0,0.0,0.0,0.0,0.0,3.0,5.0,6.40895e-314,15.5,0.2106031978024833,1.0828414807602111,0.652516487392647,1.0,0.355689,1339.0,0.0356893106077791
37,37.0,37.0,37.0,37.0,37.0,37.0,206.0,58260.0,60.0,0.0280265931968,0.02,0.001,0.0014069,0.02,0.001,0.000464277,0.008,0.0004,0.00084678,0.00084678,0.0815892,0.0,0.921642,0.041992,0.007785,0.293393,36.3046,57.8571,26.5,0.04912,0.1,0.01964,0.04,-59.0385,8.816812092577726,6.137010977849094,0.0,0.0,0.0,0.0,0.0,0.0,0.0,0.0,0.0,0.0,0.0,0.0,0.0,0.0,0.0,0.0,0.0,0.0,3.0,5.0,6.40971e-314,19.5,0.2025370985146373,1.177929826263289,0.6463026873665224,3.0,0.398584,583.0,0.1074759191452586
38,38.0,38.0,38.0,38.0,38.0,38.0,180.0,124678.0,78.0,0.0264210683950643,0.02,0.001,0.0067694,0.02,0.001,0.002233902,0.008,0.0004,0.00056628,0.00056628,0.07090974,0.0,0.7163,0.039062,0.006143,0.181688,40.9857,62.7941,26.5,0.03568,0.1,0.01428,0.04,-56.2396,13.50041913982887,11.270002441673642,0.0,0.0,0.0,0.0,0.0,0.0,0.0,0.0,0.0,0.0,0.0,0.0,0.0,0.0,0.0,0.0,0.0,0.0,3.0,5.0,6.4742e-314,15.5,0.1963284117764628,0.7335809276288251,0.7181443123102257,1.0,0.297461,1247.0,0.0234841943090343
39,39.0,39.0,39.0,39.0,39.0,39.0,48.0,972.0,72.0,0.0333090865168661,0.02,0.001,0.0045254,0.02,0.001,0.001493382,0.008,0.0004,0.0007491,0.0007491,0.07844298,0.0,0.671788,0.039536,0.009775,0.159926,35.6932,45.2528,26.5,0.37444,0.1,0.14976,0.04,-55.5296,12.290289144106689,9.345891480725047,0.0,0.0,0.0,0.0,0.0,0.0,0.0,0.0,0.0,0.0,0.0,0.0,0.0,0.0,0.0,0.0,0.0,0.0,3.0,5.0,0.0,17.0,0.1445085339506019,1.4313599986629175,-0.5257292179711585,1.0,0.099615,10.0,0.1206927222962443
40,40.0,40.0,40.0,40.0,40.0,40.0,239.0,54171.0,71.0,0.0275149631926452,0.02,0.001,0.0060929,0.02,0.001,0.002010657,0.008,0.0004,0.0030624,0.0030624,0.05722398,0.0,0.757437,0.047023,0.008423,0.238566,37.1965,43.9126,26.5,0.15544,0.1,0.06216,0.04,-55.2576,9.340050628135472,6.481027371503328,0.0,0.0,0.0,0.0,0.0,0.0,0.0,0.0,0.0,0.0,0.0,0.0,0.0,0.0,0.0,0.0,0.0,0.0,3.0,5.0,4.25013e-314,17.0,0.2551930429600363,0.6842125529378563,0.3845225225913471,1.0,0.247097,542.0,0.0096527334420856
41,41.0,41.0,41.0,41.0,41.0,41.0,24.0,131429.0,29.0,0.0288598155678492,0.02,0.001,0.0019327,0.02,0.001,0.000637791,0.008,0.0004,0.00234894,0.00234894,0.11492778,0.0,0.613193,0.042612,0.010218,0.180054,35.4052,49.2907,26.5,0.05424,0.1,0.0216799999999999,0.04,-57.8227,6.967628321722539,5.1525093451238835,0.0,0.0,0.0,0.0,0.0,0.0,0.0,0.0,0.0,0.0,0.0,0.0,0.0,0.0,0.0,0.0,0.0,0.0,3.0,5.0,6.47828e-314,17.5,0.1927257565859081,0.9292536842707244,0.376335881712932,3.0,1.228409,1315.0,0.0288732647931685
42,42.0,42.0,42.0,42.0,42.0,42.0,171.0,20647.0,47.0,0.0265604817055323,0.02,0.001,0.0014388,0.02,0.001,0.000474804,0.008,0.0004,0.00139788,0.00139788,0.0692472,0.0,0.719629,0.027924,0.007195,0.230775,32.3816,56.2013,26.5,0.04264,0.1,0.01704,0.04,-59.8866,7.50849960347247,5.409287815140029,0.0,0.0,0.0,0.0,0.0,0.0,0.0,0.0,0.0,0.0,0.0,0.0,0.0,0.0,0.0,0.0,0.0,0.0,3.0,5.0,4.26923e-314,19.0,0.1919142684581168,1.1211841945089875,0.19105343997319,2.0,0.18756,207.0,0.1174900469677548
43,43.0,43.0,43.0,43.0,43.0,43.0,37.0,120711.0,11.0,0.0313012627629639,0.02,0.001,0.0041767,0.02,0.001,0.001378311,0.008,0.0004,0.00226578,0.00226578,0.09522282,0.0,0.670741,0.048581,0.007305,0.192516,35.7342,40.9666,26.5,0.51772,0.1,0.20708,0.04,-58.1817,9.117601508677534,6.330481573242341,0.0,0.0,0.0,0.0,0.0,0.0,0.0,0.0,0.0,0.0,0.0,0.0,0.0,0.0,0.0,0.0,0.0,0.0,3.0,5.0,4.24399e-314,17.5,0.2081639239076635,1.0047330287124872,0.3571344257311782,3.0,1.158579,1208.0,0.0045073253137514
44,44.0,44.0,44.0,44.0,44.0,44.0,165.0,26531.0,31.0,0.0313030839596745,0.02,0.001,0.0048554,0.02,0.001,0.001602282,0.008,0.0004,0.00541992,0.00541992,0.06702432,0.0,0.514788,0.045626,0.004177,0.129921,51.8133,60.7931,26.5,0.1561199999999999,0.1,0.06244,0.04,-57.858,7.166601128802761,5.244430343631135,0.0,0.0,0.0,0.0,0.0,0.0,0.0,0.0,0.0,0.0,0.0,0.0,0.0,0.0,0.0,0.0,0.0,0.0,3.0,5.0,4.28045e-314,16.5,0.1383732512291215,0.4008556549253069,0.4282487185934217,2.0,0.189808,266.0,0.0884207262460412
45,45.0,45.0,45.0,45.0,45.0,45.0,65.0,1637.0,37.0,0.0335489796368336,0.02,0.001,0.0031988,0.02,0.001,0.001055604,0.008,0.0004,0.0064284,0.0064284,0.06796614,0.0,0.775702,0.036539,0.007708,0.190411,37.6325,51.6385,26.5,0.04296,0.1,0.01716,0.04,-56.6463,5.968232812606836,4.7292248063370685,0.0,0.0,0.0,0.0,0.0,0.0,0.0,0.0,0.0,0.0,0.0,0.0,0.0,0.0,0.0,0.0,0.0,0.0,3.0,5.0,6.44194e-314,20.0,0.0555996112502787,1.760447756732656,-0.6217116483870918,1.0,0.070577,17.0,0.5712402052849128
46,46.0,46.0,46.0,46.0,46.0,46.0,190.0,44100.0,0.0,0.0299910199770664,0.02,0.001,0.0036014,0.02,0.001,0.001188462,0.008,0.0004,0.00059004,0.00059004,0.08531226,0.0,0.566293,0.051587,0.007175,0.221182,34.3363,58.2285,26.5,0.4755199999999999,0.1,0.1901999999999999,0.04,-56.8218,12.312504151695414,9.375959092221775,0.0,0.0,0.0,0.0,0.0,0.0,0.0,0.0,0.0,0.0,0.0,0.0,0.0,0.0,0.0,0.0,0.0,0.0,3.0,5.0,6.46758e-314,18.0,0.1390749749688081,1.38398715790221,-0.4544725203008993,1.0,0.210109,442.0,0.098451872204086
47,47.0,47.0,47.0,47.0,47.0,47.0,159.0,32184.0,84.0,0.0297156620187115,0.02,0.001,0.0057068,0.02,0.001,0.001883244,0.008,0.0004,0.00150216,0.00150216,0.1134375,0.0,0.723179,0.052309,0.007175,0.148156,62.1396,47.1836,26.5,0.6342399999999999,0.1,0.25368,0.04,-57.753,11.171159175459657,8.026758399907132,0.0,0.0,0.0,0.0,0.0,0.0,0.0,0.0,0.0,0.0,0.0,0.0,0.0,0.0,0.0,0.0,0.0,0.0,3.0,5.0,6.44503e-314,20.5,0.1199717598802492,1.216302418346684,0.2043567582201028,1.0,0.167934,322.0,0.0645137563559439
48,48.0,48.0,48.0,48.0,48.0,48.0,94.0,54745.0,45.0,0.0354130484185224,0.02,0.001,0.0008448,0.02,0.001,0.000278784,0.008,0.0004,0.00201696,0.00201696,0.07235448,0.0,0.688839,0.046144,0.007535,0.267334,26.1469,49.9286,26.5,0.2568399999999999,0.1,0.10272,0.04,-57.5881,5.695831704247923,4.62336047058663,0.0,0.0,0.0,0.0,0.0,0.0,0.0,0.0,0.0,0.0,0.0,0.0,0.0,0.0,0.0,0.0,0.0,0.0,3.0,5.0,0.0,20.5,0.1727520956676436,1.2322270814246383,0.3612935028005978,2.0,0.337206,548.0,0.0374540195345945
49,49.0,49.0,49.0,49.0,49.0,49.0,84.0,127005.0,5.0,0.0341706506041478,0.02,0.001,0.0081455,0.02,0.001,0.002688015,0.008,0.0004,0.00084414,0.00084414,0.08800968,0.0,0.186576,0.032667,0.01237,0.230148,44.0754,77.2903,26.5,0.0146799999999999,0.1,0.00588,0.04,-57.9234,13.176950133774922,10.692621759906086,0.0,0.0,0.0,0.0,0.0,0.0,0.0,0.0,0.0,0.0,0.0,0.0,0.0,0.0,0.0,0.0,0.0,0.0,3.0,5.0,0.0,22.0,0.132859906548268,1.0503925806471106,-0.0416977022472413,3.0,1.0374560000000002,1271.0,0.249125745212017
50,50.0,50.0,50.0,50.0,50.0,50.0,111.0,61528.0,28.0,0.0325792633105538,0.02,0.001,0.0032527,0.02,0.001,0.001073391,0.008,0.0004,0.00214962,0.00214962,0.0957033,0.0,0.635799,0.020523,0.010041,0.22912,38.5898,42.7146,26.5,0.21116,0.1,0.08444,0.04,-59.3354,8.54949208310205,5.97409602549996,0.0,0.0,0.0,0.0,0.0,0.0,0.0,0.0,0.0,0.0,0.0,0.0,0.0,0.0,0.0,0.0,0.0,0.0,3.0,5.0,4.82e-321,21.0,0.3058831061882089,0.8867815666990747,0.673371669790429,3.0,0.656038,616.0,0.020218993987553
51,51.0,51.0,51.0,51.0,51.0,51.0,155.0,129883.0,83.0,0.030833337432993,0.02,0.001,0.0062293,0.02,0.001,0.002055669,0.008,0.0004,0.00460218,0.00460218,0.09510072,0.0,0.737601,0.031281,0.006265,0.187922,32.9914,48.0934,26.5,0.06424,0.1,0.02572,0.04,-57.6565,8.236895874429612,5.7934941988624695,0.0,0.0,0.0,0.0,0.0,0.0,0.0,0.0,0.0,0.0,0.0,0.0,0.0,0.0,0.0,0.0,0.0,0.0,3.0,5.0,6.44593e-314,21.5,0.49585449312968,1.258910925746269,1.8777334176502725,4.0,1.795145,1299.0,0.5916679298614411
52,52.0,52.0,52.0,52.0,52.0,52.0,69.0,126973.0,73.0,0.0274393649179294,0.02,0.001,0.0015246,0.02,0.001,0.000503118,0.008,0.0004,0.00448932,0.00448932,0.1052997,0.0,0.657084,0.008528,0.007967,0.064433,36.1952,23.9494,26.5,0.44732,0.1,0.17892,0.04,-57.9319,5.40908783918077,4.515585423176817,0.0,0.0,0.0,0.0,0.0,0.0,0.0,0.0,0.0,0.0,0.0,0.0,0.0,0.0,0.0,0.0,0.0,0.0,3.0,5.0,2.57187e-315,22.0,0.1832637278818579,1.1941834144076922,0.1240305483492059,1.0,0.462305,1270.0,0.0297515993317533
53,53.0,53.0,53.0,53.0,53.0,53.0,68.0,25071.0,71.0,0.0291442657648825,0.02,0.001,0.0013981,0.02,0.001,0.000461373,0.008,0.0004,0.00057948,0.00057948,0.08001444,0.0,0.292935,0.042984,0.00681,0.248675,36.0381,50.1936,26.5,0.03044,0.1,0.01216,0.04,-59.0632,9.90225012120402,6.892952883614053,0.0,0.0,0.0,0.0,0.0,0.0,0.0,0.0,0.0,0.0,0.0,0.0,0.0,0.0,0.0,0.0,0.0,0.0,3.0,5.0,4.26177e-314,21.0,0.0843589825832732,1.4448266811142387,-0.1594567224895845,1.0,0.051963,251.0,0.2560936013768364
54,54.0,54.0,54.0,54.0,54.0,54.0,199.0,76472.0,72.0,0.0279857108651205,0.02,0.001,0.0033517,0.02,0.001,0.001106061,0.008,0.0004,0.00245058,0.00245058,0.08159382,0.0,0.68138,0.029827,0.009337,0.208128,24.2291,32.975,26.5,0.0430399999999999,0.1,0.0172,0.04,-58.4831,8.26575928981245,5.809745532093046,0.0,0.0,0.0,0.0,0.0,0.0,0.0,0.0,0.0,0.0,0.0,0.0,0.0,0.0,0.0,0.0,0.0,0.0,3.0,5.0,0.0,20.5,0.2376116391088348,1.4054594538133842,-0.0601634565206807,1.0,0.35441,765.0,0.118938336877483
55,55.0,55.0,55.0,55.0,55.0,55.0,146.0,3629.0,29.0,0.0306180993318257,0.02,0.001,0.0037158,0.02,0.001,0.001226214,0.008,0.0004,0.00125532,0.00125532,0.08333094,0.0,0.660265,0.033736,0.009304,0.213293,28.2365,61.7045,26.5,0.03672,0.1,0.0146799999999999,0.04,-58.3804,10.488271884232008,7.377284565233535,0.0,0.0,0.0,0.0,0.0,0.0,0.0,0.0,0.0,0.0,0.0,0.0,0.0,0.0,0.0,0.0,0.0,0.0,3.0,5.0,6.47198e-314,23.5,0.1066525936938121,2.632879116631784,-0.4748107735446237,1.0,0.101455,37.0,0.3068320159652211
56,56.0,56.0,56.0,56.0,56.0,56.0,35.0,130003.0,3.0,0.0349792790508218,0.02,0.001,0.0010263,0.02,0.001,0.000338679,0.008,0.0004,0.00265452,0.00265452,0.12272502,0.0,0.871615,0.072568,0.006097,0.144292,50.1,51.7833,26.5,0.0723999999999999,0.1,0.02896,0.04,-56.2301,5.580766507466102,4.579682667602231,0.0,0.0,0.0,0.0,0.0,0.0,0.0,0.0,0.0,0.0,0.0,0.0,0.0,0.0,0.0,0.0,0.0,0.0,3.0,5.0,0.0,23.0,0.0840764170713814,1.0000627811570215,-0.2432342527365462,1.0,0.336105,1301.0,1.0859205236456748
57,57.0,57.0,57.0,57.0,57.0,57.0,145.0,121863.0,63.0,0.0316362800908125,0.02,0.001,0.0053471,0.02,0.001,0.001764543,0.008,0.0004,0.0002838,0.0002838,0.09183768,0.0,0.173453,0.016026,0.013074,0.21531,32.8033,42.4009,26.5,0.0588,0.1,0.02352,0.04,-57.1115,14.036787217628284,12.352082617207222,0.0,0.0,0.0,0.0,0.0,0.0,0.0,0.0,0.0,0.0,0.0,0.0,0.0,0.0,0.0,0.0,0.0,0.0,3.0,5.0,6.41624e-314,21.5,0.2796753797018735,1.752344949732385,0.9157010376050116,1.0,0.570156,1219.0,0.1035811201130173
58,58.0,58.0,58.0,58.0,58.0,58.0,209.0,86387.0,87.0,0.0368610854566992,0.02,0.001,0.0051799,0.02,0.001,0.001709367,0.008,0.0004,0.00063756,0.00063756,0.0401808,0.0,0.521725,0.016863,0.006708,0.228678,29.8482,39.9171,26.5,0.2656,0.1,0.10624,0.04,-55.7884,12.880557181174598,10.206728666435053,0.0,0.0,0.0,0.0,0.0,0.0,0.0,0.0,0.0,0.0,0.0,0.0,0.0,0.0,0.0,0.0,0.0,0.0,3.0,5.0,6.47379e-314,20.5,0.2062266696844228,1.120472687853871,0.3243734140710773,2.0,0.731506,864.0,0.473806205965352
59,59.0,59.0,59.0,59.0,59.0,59.0,179.0,8905.0,5.0,0.03255311778017,0.02,0.001,0.0004774,0.02,0.001,0.000157542,0.008,0.0004,0.00145002,0.00145002,0.105039,0.0,0.754488,0.042257,0.010832,0.207565,36.1099,31.8954,26.5,0.37356,0.1,0.14944,0.04,-58.1384,5.370619452510653,4.50139141721906,0.0,0.0,0.0,0.0,0.0,0.0,0.0,0.0,0.0,0.0,0.0,0.0,0.0,0.0,0.0,0.0,0.0,0.0,3.0,5.0,0.0,22.0,0.093267744787261,1.5697864394359275,-0.2815076898925405,3.0,0.246614,90.0,0.014005852540777
60,60.0,60.0,60.0,60.0,60.0,60.0,222.0,17368.0,68.0,0.028543593047052,0.02,0.001,0.0041514,0.02,0.001,0.001369962,0.008,0.0004,0.00400554,0.00400554,0.06982536,0.0,0.73823,0.049368,0.008793,0.249851,28.1896,27.8534,26.5,0.61684,0.1,0.24672,0.04,-55.4688,7.526052272862988,5.418000243632357,0.0,0.0,0.0,0.0,0.0,0.0,0.0,0.0,0.0,0.0,0.0,0.0,0.0,0.0,0.0,0.0,0.0,0.0,3.0,5.0,0.0,24.5,0.1035792582510976,1.3574727098300692,-0.0135722859462849,1.0,0.13941,174.0,0.0838347646779162
61,61.0,61.0,61.0,61.0,61.0,61.0,128.0,124878.0,78.0,0.0248932517248215,0.02,0.001,0.0025245,0.02,0.001,0.000833085,0.008,0.0004,0.0006336,0.0006336,0.11186208,0.0,0.594495,0.032391,0.009727,0.153913,46.4557,69.6188,26.5,0.05504,0.1,0.022,0.04,-58.7443,11.295942375370151,8.156833565478754,0.0,0.0,0.0,0.0,0.0,0.0,0.0,0.0,0.0,0.0,0.0,0.0,0.0,0.0,0.0,0.0,0.0,0.0,3.0,5.0,6.48168e-314,23.0,0.3094382419944905,1.555894842891368,0.6155555149094158,2.0,0.7863410000000001,1249.0,0.1363390656939436
62,62.0,62.0,62.0,62.0,62.0,62.0,105.0,87511.0,11.0,0.0368516861787908,0.02,0.001,0.0049236,0.02,0.001,0.001624788,0.008,0.0004,0.00211134,0.00211134,0.09025896,0.0,0.745598,0.035816,0.009356,0.215105,38.6305,71.1699,26.5,0.43096,0.1,0.1724,0.04,-60.4902,9.80338164425027,6.8170216177941585,0.0,0.0,0.0,0.0,0.0,0.0,0.0,0.0,0.0,0.0,0.0,0.0,0.0,0.0,0.0,0.0,0.0,0.0,3.0,5.0,4.24399e-314,20.5,0.1059950941046575,1.4697839229434122,-0.1948535898586151,1.0,0.296897,876.0,0.7189671490631966
63,63.0,63.0,63.0,63.0,63.0,63.0,62.0,55193.0,93.0,0.031238859830861,0.02,0.001,0.0065736,0.02,0.001,0.002169288,0.008,0.0004,0.00102828,0.00102828,0.1129392,0.0,0.435333,0.040368,0.005809,0.231387,35.1991,31.3488,26.5,0.41244,0.1,0.165,0.04,-61.3484,12.410845791101698,9.51113648676973,0.0,0.0,0.0,0.0,0.0,0.0,0.0,0.0,0.0,0.0,0.0,0.0,0.0,0.0,0.0,0.0,0.0,0.0,3.0,5.0,6.47678e-314,23.5,0.1706295830980593,1.606014226894893,0.422252460729568,2.0,0.231447,552.0,0.0132417492355489
64,64.0,64.0,64.0,64.0,64.0,64.0,57.0,42382.0,82.0,0.0338706324601036,0.02,0.001,0.0047201,0.02,0.001,0.0015576329999999,0.008,0.0004,0.00137412,0.00137412,0.06825588,0.0,0.655649,0.037641,0.006003,0.193985,32.3078,38.254,26.5,0.42504,0.1,0.17,0.04,-58.3094,10.900944490446197,7.757667981363753,0.0,0.0,0.0,0.0,0.0,0.0,0.0,0.0,0.0,0.0,0.0,0.0,0.0,0.0,0.0,0.0,0.0,0.0,3.0,5.0,6.43609e-314,23.0,0.1472252287223521,1.5398161252864535,-0.093438357472583,3.0,0.542593,424.0,0.2727522749431366
65,65.0,65.0,65.0,65.0,65.0,65.0,173.0,97522.0,22.0,0.0263429846710425,0.02,0.001,0.0052635,0.02,0.001,0.001736955,0.008,0.0004,0.00389796,0.00389796,0.09225348,0.0,0.632139,0.022363,0.006718,0.175432,37.5578,60.8301,26.5,0.33704,0.1,0.1348,0.04,-58.9984,8.230276280602444,5.789778891692523,0.0,0.0,0.0,0.0,0.0,0.0,0.0,0.0,0.0,0.0,0.0,0.0,0.0,0.0,0.0,0.0,0.0,0.0,3.0,5.0,6.43661e-314,29.0,0.2391638606107662,2.043736652343504,0.4819594231784854,2.0,0.686975,976.0,0.6997135356217953
66,66.0,66.0,66.0,66.0,66.0,66.0,116.0,88739.0,39.0,0.0268193458403176,0.02,0.001,0.0030822,0.02,0.001,0.001017126,0.008,0.0004,0.00117876,0.00117876,0.0708279,0.0,0.994288,0.015185,0.006955,0.220994,22.6642,50.5146,26.5,0.35144,0.1,0.1406,0.04,-57.5609,10.134775949312008,7.077879259942543,0.0,0.0,0.0,0.0,0.0,0.0,0.0,0.0,0.0,0.0,0.0,0.0,0.0,0.0,0.0,0.0,0.0,0.0,3.0,5.0,6.41383e-314,27.5,0.2910103802419589,2.1657042391067858,0.5813622478856836,1.0,0.328337,888.0,0.9496670296811116
67,67.0,67.0,67.0,67.0,67.0,67.0,208.0,84325.0,25.0,0.031546721446323,0.02,0.001,0.0026609,0.02,0.001,0.000878097,0.008,0.0004,0.0029073,0.0029073,0.07458792,0.0,0.877537,0.044425,0.006709,0.186506,45.7273,70.4881,26.5,0.55736,0.1,0.22296,0.04,-55.991,7.21801666794695,5.268650393344988,0.0,0.0,0.0,0.0,0.0,0.0,0.0,0.0,0.0,0.0,0.0,0.0,0.0,0.0,0.0,0.0,0.0,0.0,3.0,5.0,4.26331e-314,26.5,0.1866189557998115,1.7388613415250598,0.0801950282348991,1.0,0.351811,844.0,0.0199308644503252
68,68.0,68.0,68.0,68.0,68.0,68.0,10.0,54488.0,88.0,0.0266065005813901,0.02,0.001,0.0069003,0.02,0.001,0.002277099,0.008,0.0004,0.00106128,0.00106128,0.06790212,0.0,0.743812,0.031797,0.007895,0.229657,53.4148,53.5411,26.5,0.04576,0.1,0.01832,0.04,-56.444,12.446169341005763,9.560531637878997,0.0,0.0,0.0,0.0,0.0,0.0,0.0,0.0,0.0,0.0,0.0,0.0,0.0,0.0,0.0,0.0,0.0,0.0,3.0,5.0,6.40835e-314,27.0,0.1835760483631612,2.6337356897109894,0.5147396170779089,3.0,0.441096,545.0,0.0852800935050192
69,69.0,69.0,69.0,69.0,69.0,69.0,230.0,19032.0,32.0,0.0330344160381401,0.02,0.001,0.0062139,0.02,0.001,0.002050587,0.008,0.0004,0.0015213,0.0015213,0.11013948,0.0,1.10455,0.030617,0.009014,0.14535,40.275,86.7534,26.5,0.02428,0.1,0.00972,0.04,-55.9748,11.360224638110395,8.225345270405617,0.0,0.0,0.0,0.0,0.0,0.0,0.0,0.0,0.0,0.0,0.0,0.0,0.0,0.0,0.0,0.0,0.0,0.0,3.0,5.0,4.11e-321,30.0,0.0831276736911682,2.156667791722867,0.078459133085241,3.0,0.32051,191.0,0.0757058316632592
70,70.0,70.0,70.0,70.0,70.0,70.0,211.0,61711.0,11.0,0.0280848094494853,0.02,0.001,0.0025751,0.02,0.001,0.000849783,0.008,0.0004,0.00076032,0.00076032,0.04939836,0.0,0.45652,0.039964,0.000834,0.256725,46.8629,32.5446,26.5,0.53556,0.1,0.2142399999999999,0.04,-57.2308,10.862457473442834,7.7206798102943415,0.0,0.0,0.0,0.0,0.0,0.0,0.0,0.0,0.0,0.0,0.0,0.0,0.0,0.0,0.0,0.0,0.0,0.0,3.0,5.0,4.26057e-314,26.5,0.246789039136645,1.428812675165071,0.8387447792708133,2.0,0.550327,618.0,0.0844701495898532
71,71.0,71.0,71.0,71.0,71.0,71.0,247.0,19494.0,94.0,0.0328773145051521,0.02,0.001,0.0037136,0.02,0.001,0.001225488,0.008,0.0004,0.00424578,0.00424578,0.07320984,0.0,1.002,0.028103,0.006163,0.176766,32.7106,50.2881,26.5,0.04132,0.1,0.01652,0.04,-54.7026,7.109780447476065,5.217890448310045,0.0,0.0,0.0,0.0,0.0,0.0,0.0,0.0,0.0,0.0,0.0,0.0,0.0,0.0,0.0,0.0,0.0,0.0,3.0,5.0,6.40323e-314,30.0,0.1474671403596782,2.2094224306467902,0.2321378300294822,1.0,0.106308,195.0,0.0506694091133125
72,72.0,72.0,72.0,72.0,72.0,72.0,244.0,64254.0,54.0,0.0296469443255135,0.02,0.001,0.0057563,0.02,0.001,0.001899579,0.008,0.0004,0.00086592,0.00086592,0.07163838,0.0,0.65622,0.037975,0.005481,0.308398,31.2118,57.0492,26.5,0.03832,0.1,0.01532,0.04,-59.6363,12.491963810856232,9.625243712824325,0.0,0.0,0.0,0.0,0.0,0.0,0.0,0.0,0.0,0.0,0.0,0.0,0.0,0.0,0.0,0.0,0.0,0.0,3.0,5.0,6.44833e-314,29.5,0.0988989242895992,1.7662774145453493,0.0856113277437146,3.0,0.7383299999999999,643.0,1.5489918855033085
73,73.0,73.0,73.0,73.0,73.0,73.0,133.0,16929.0,29.0,0.0273222338817076,0.02,0.001,0.0071929,0.02,0.001,0.002373657,0.008,0.0004,0.00326898,0.00326898,0.09901452,0.0,0.826401,0.048194,0.005129,0.206697,42.8819,25.4254,26.5,0.48284,0.1,0.1931199999999999,0.04,-58.1414,9.634060415566879,6.690541401081372,0.0,0.0,0.0,0.0,0.0,0.0,0.0,0.0,0.0,0.0,0.0,0.0,0.0,0.0,0.0,0.0,0.0,0.0,3.0,5.0,6.43667e-314,32.0,0.1451101826034929,2.027685076413781,0.1666253883008864,1.0,0.09208,170.0,0.6370641599813553
74,74.0,74.0,74.0,74.0,74.0,74.0,140.0,50749.0,49.0,0.0240280151081087,0.02,0.001,0.0029568,0.02,0.001,0.000975744,0.008,0.0004,0.00434478,0.00434478,0.09651774,0.0,0.396148,0.027222,0.006024,0.213916,50.1423,36.0498,26.5,0.44744,0.1,0.1789599999999999,0.04,-59.2791,6.554246234284902,4.970139371843299,0.0,0.0,0.0,0.0,0.0,0.0,0.0,0.0,0.0,0.0,0.0,0.0,0.0,0.0,0.0,0.0,0.0,0.0,3.0,5.0,6.48367e-314,30.5,0.075125769748273,2.430653929119346,-0.2180697552360681,2.0,0.482802,508.0,0.0793453743626088
75,75.0,75.0,75.0,75.0,75.0,75.0,249.0,8791.0,91.0,0.0255497442234496,0.02,0.001,0.0066649,0.02,0.001,0.002199417,0.008,0.0004,0.0024816,0.0024816,0.07674348,0.0,0.818118,0.034941,0.005877,0.214867,46.6266,56.8974,26.5,0.3916,0.1,0.15664,0.04,-58.1447,10.211664116959124,7.141068161399009,0.0,0.0,0.0,0.0,0.0,0.0,0.0,0.0,0.0,0.0,0.0,0.0,0.0,0.0,0.0,0.0,0.0,0.0,3.0,5.0,4.26367e-314,31.0,0.0952678970825941,2.2702566009648293,-0.3599925656607902,1.0,0.082555,88.0,0.5355910607726166
76,76.0,76.0,76.0,76.0,76.0,76.0,31.0,28330.0,30.0,0.0281645749155402,0.02,0.001,0.0054153,0.02,0.001,0.001787049,0.008,0.0004,0.00025542,0.00025542,0.08752062,0.0,0.48462,0.031715,0.003074,0.170631,39.488,68.2982,26.5,0.30568,0.1,0.12228,0.04,-59.253,14.146706418567135,12.595465959435037,0.0,0.0,0.0,0.0,0.0,0.0,0.0,0.0,0.0,0.0,0.0,0.0,0.0,0.0,0.0,0.0,0.0,0.0,3.0,5.0,6.40968e-314,33.0,0.0616010553511904,1.7216693344710612,0.0311283107398128,3.0,0.371271,284.0,0.3241318187960151
77,77.0,77.0,77.0,77.0,77.0,77.0,205.0,121032.0,32.0,0.0240483612425807,0.02,0.001,0.0034023,0.02,0.001,0.001122759,0.008,0.0004,0.00048246,0.00048246,0.07926468,0.0,1.22646,0.020249,0.008393,0.208448,45.699,57.0971,26.5,0.0204799999999999,0.1,0.0081999999999999,0.04,-58.6167,12.611174748612626,9.797355814726975,0.0,0.0,0.0,0.0,0.0,0.0,0.0,0.0,0.0,0.0,0.0,0.0,0.0,0.0,0.0,0.0,0.0,0.0,3.0,5.0,4.11e-321,30.5,0.2213258826437467,2.609907186267648,0.2769782658408919,3.0,1.128434,1211.0,0.2325026466536214
78,78.0,78.0,78.0,78.0,78.0,78.0,170.0,129322.0,22.0,0.0282373716075718,0.02,0.001,0.0016412,0.02,0.001,0.000541596,0.008,0.0004,0.0015067799999999,0.0015067799999999,0.10877196,0.0,0.81262,0.031257,0.00352,0.146283,48.0722,14.7477,26.5,0.40612,0.1,0.16244,0.04,-57.6224,7.653563871654729,5.482056359042186,0.0,0.0,0.0,0.0,0.0,0.0,0.0,0.0,0.0,0.0,0.0,0.0,0.0,0.0,0.0,0.0,0.0,0.0,3.0,5.0,6.4397e-314,33.0,0.2392572345372156,1.7880061439552613,0.5703740513712177,1.0,0.477559,1294.0,0.479386190081753
79,79.0,79.0,79.0,79.0,79.0,79.0,158.0,9189.0,89.0,0.0337404416190788,0.02,0.001,0.0008855,0.02,0.001,0.000292215,0.008,0.0004,0.00151866,0.00151866,0.07929174,0.0,1.16433,0.024393,0.007597,0.213285,27.5197,63.0301,26.5,0.32332,0.1,0.12932,0.04,-58.9148,6.249989256559901,4.842671136878405,0.0,0.0,0.0,0.0,0.0,0.0,0.0,0.0,0.0,0.0,0.0,0.0,0.0,0.0,0.0,0.0,0.0,0.0,3.0,5.0,6.41057e-314,31.5,0.0651286277666253,2.2394668665972626,-0.3359121239067497,1.0,0.093176,92.0,0.7848984599183965
80,80.0,80.0,80.0,80.0,80.0,80.0,184.0,59439.0,39.0,0.0249088343581852,0.02,0.001,0.0095887,0.02,0.001,0.003164271,0.008,0.0004,0.00158994,0.00158994,0.09355962,0.0,0.404357,0.070625,0.004126,0.331394,37.1422,19.0444,26.5,0.05444,0.1,0.02176,0.04,-59.0911,12.286611135695942,9.340929789702844,0.0,0.0,0.0,0.0,0.0,0.0,0.0,0.0,0.0,0.0,0.0,0.0,0.0,0.0,0.0,0.0,0.0,0.0,3.0,5.0,6.48381e-314,32.5,0.0685536210506779,1.786360669311127,-0.242806862930911,4.0,0.865813,595.0,0.8969086100815372
81,81.0,81.0,81.0,81.0,81.0,81.0,79.0,20578.0,78.0,0.0311033534430108,0.02,0.001,0.0036894,0.02,0.001,0.001217502,0.008,0.0004,0.00226644,0.00226644,0.08590296,0.0,0.513414,0.032261,0.008408,0.211527,40.9378,29.8863,26.5,0.31952,0.1,0.1278,0.04,-54.6045,8.758027340037387,6.100481564276372,0.0,0.0,0.0,0.0,0.0,0.0,0.0,0.0,0.0,0.0,0.0,0.0,0.0,0.0,0.0,0.0,0.0,0.0,3.0,5.0,6.48101e-314,32.5,0.1368009224976859,2.4530725439727017,-0.0876444544208026,1.0,0.087791,206.0,0.5136713742257065
82,82.0,82.0,82.0,82.0,82.0,82.0,99.0,93708.0,8.0,0.0262633919745914,0.02,0.001,0.0062172,0.02,0.001,0.002051676,0.008,0.0004,0.00194172,0.00194172,0.09276234,0.0,0.584407,0.024945,0.006876,0.206136,49.0341,44.5112,26.5,0.36608,0.1,0.14644,0.04,-57.4807,10.707890710504689,7.575336907306754,0.0,0.0,0.0,0.0,0.0,0.0,0.0,0.0,0.0,0.0,0.0,0.0,0.0,0.0,0.0,0.0,0.0,0.0,3.0,5.0,0.0,32.0,0.3154373125617935,2.395574695419638,0.8845138966676257,1.0,0.482783,938.0,0.7220315833329639
83,83.0,83.0,83.0,83.0,83.0,83.0,135.0,124666.0,66.0,0.0249466233932536,0.02,0.001,0.0035233,0.02,0.001,0.001162689,0.008,0.0004,0.0038346,0.0038346,0.0692307,0.0,0.865339,0.022832,0.004763,0.267014,40.1763,74.4453,26.5,0.02536,0.1,0.01012,0.04,-57.4691,7.227412456656875,5.273097689476533,0.0,0.0,0.0,0.0,0.0,0.0,0.0,0.0,0.0,0.0,0.0,0.0,0.0,0.0,0.0,0.0,0.0,0.0,3.0,5.0,6.4742e-314,36.5,0.2500899003365778,2.8717071566649564,1.131318278086877,1.0,0.296571,1247.0,1.342910728805551
84,84.0,84.0,84.0,84.0,84.0,84.0,119.0,88466.0,66.0,0.030449776325597,0.02,0.001,0.0039512,0.02,0.001,0.001303896,0.008,0.0004,0.00381678,0.00381678,0.10855416,0.0,0.492293,0.063415,0.003637,0.233065,33.9976,32.4784,26.5,0.06648,0.1,0.0266,0.04,-55.2139,7.523116906448146,5.416541496327161,0.0,0.0,0.0,0.0,0.0,0.0,0.0,0.0,0.0,0.0,0.0,0.0,0.0,0.0,0.0,0.0,0.0,0.0,3.0,5.0,6.40561e-314,36.0,0.1802158988136002,3.503872718068504,0.4963085037336134,1.0,0.389319,885.0,0.9300363819758576
85,85.0,85.0,85.0,85.0,85.0,85.0,231.0,27175.0,75.0,0.0335891412548889,0.02,0.001,0.002354,0.02,0.001,0.00077682,0.008,0.0004,0.00052536,0.00052536,0.07672038,0.0,1.01201,0.018111,0.00715,0.264215,23.09,66.7523,26.5,0.19696,0.1,0.0788,0.04,-59.1184,11.594595780645184,8.484193115012307,0.0,0.0,0.0,0.0,0.0,0.0,0.0,0.0,0.0,0.0,0.0,0.0,0.0,0.0,0.0,0.0,0.0,0.0,3.0,5.0,6.43737e-314,37.0,0.0524330725941259,2.516877899643915,-0.3207876265405331,3.0,0.103284,272.0,2.047194506461751
86,86.0,86.0,86.0,86.0,86.0,86.0,21.0,25443.0,43.0,0.0248294856918613,0.02,0.001,0.0083677,0.02,0.001,0.002761341,0.008,0.0004,0.00092664,0.00092664,0.14874552,0.0,0.442529,0.02834,0.00633,0.091962,48.5021,66.1755,26.5,0.01604,0.1,0.0064,0.04,-55.4764,13.066610180942678,10.507158333567933,0.0,0.0,0.0,0.0,0.0,0.0,0.0,0.0,0.0,0.0,0.0,0.0,0.0,0.0,0.0,0.0,0.0,0.0,3.0,5.0,0.0,38.5,0.083824713697274,1.83541645798687,0.2693474609161878,1.0,0.094269,255.0,0.1099918947720538
87,87.0,87.0,87.0,87.0,87.0,87.0,43.0,22936.0,36.0,0.0310837955471612,0.02,0.001,0.0054395,0.02,0.001,0.001795035,0.008,0.0004,0.00031944,0.00031944,0.0791241,0.0,0.603754,0.026203,0.003391,0.245675,31.5839,71.6209,26.5,0.191,0.1,0.0764,0.04,-56.1499,13.933648766907147,12.13076780338688,0.0,0.0,0.0,0.0,0.0,0.0,0.0,0.0,0.0,0.0,0.0,0.0,0.0,0.0,0.0,0.0,0.0,0.0,3.0,5.0,6.41236e-314,42.5,0.1352538554336306,2.8250276579076496,-0.2892408794346428,1.0,0.080172,230.0,0.9321730053842482
88,88.0,88.0,88.0,88.0,88.0,88.0,32.0,118040.0,40.0,0.032164091595521,0.02,0.001,0.0039765,0.02,0.001,0.001312245,0.008,0.0004,0.0028809,0.0028809,0.0818928,0.0,0.385039,0.01836,0.002122,0.261265,54.5383,61.9532,26.5,0.03812,0.1,0.01524,0.04,-58.0207,8.291209016433477,5.824144696530726,0.0,0.0,0.0,0.0,0.0,0.0,0.0,0.0,0.0,0.0,0.0,0.0,0.0,0.0,0.0,0.0,0.0,0.0,3.0,5.0,6.44043e-314,41.5,0.1824617230482969,3.010667342300574,0.3768542096945579,1.0,0.456195,1181.0,1.2794491236200032
89,89.0,89.0,89.0,89.0,89.0,89.0,98.0,30834.0,34.0,0.0301837337802621,0.02,0.001,0.0031856,0.02,0.001,0.001051248,0.008,0.0004,0.00201696,0.00201696,0.10691934,0.0,0.533261,0.017662,0.006696,0.267969,48.4125,47.0551,26.5,0.0162,0.1,0.00648,0.04,-57.7648,8.67151600755898,6.047452595919677,0.0,0.0,0.0,0.0,0.0,0.0,0.0,0.0,0.0,0.0,0.0,0.0,0.0,0.0,0.0,0.0,0.0,0.0,3.0,5.0,6.47436e-314,43.5,0.0595513429711684,3.1161714535005176,-0.2500089866592993,3.0,0.326999,309.0,1.593704645053729
90,90.0,90.0,90.0,90.0,90.0,90.0,29.0,30834.0,34.0,0.0337590274017384,0.02,0.001,0.0056991,0.02,0.001,0.001880703,0.008,0.0004,0.00315942,0.00315942,0.10691934,0.0,0.533261,0.017662,0.006696,0.267969,48.4125,47.0551,26.5,0.0162,0.1,0.00648,0.04,-57.7648,9.054588133513159,6.289016245277591,0.0,0.0,0.0,0.0,0.0,0.0,0.0,0.0,0.0,0.0,0.0,0.0,0.0,0.0,0.0,0.0,0.0,0.0,3.0,5.0,6.47436e-314,43.5,0.0595513429711684,3.1161714535005176,-0.2500089866592993,3.0,0.326999,309.0,1.8548814497667747
91,91.0,91.0,91.0,91.0,91.0,91.0,213.0,95852.0,52.0,0.0298221494385887,0.02,0.001,0.0019899,0.02,0.001,0.000656667,0.008,0.0004,0.00070818,0.00070818,0.097581,0.0,1.42988,0.011452,0.003936,0.176148,60.2873,48.6699,26.5,0.01668,0.1,0.00668,0.04,-57.8802,10.340765101610792,7.249549474405916,0.0,0.0,0.0,0.0,0.0,0.0,0.0,0.0,0.0,0.0,0.0,0.0,0.0,0.0,0.0,0.0,0.0,0.0,3.0,5.0,6.4145e-314,40.5,0.2238928835907213,3.292203562395338,0.6560812727279477,2.0,0.491775,959.0,0.8738708289591678
92,92.0,92.0,92.0,92.0,92.0,92.0,7.0,30834.0,34.0,0.0318392790261344,0.02,0.001,0.0042933,0.02,0.001,0.001416789,0.008,0.0004,0.00135762,0.00135762,0.10691934,0.0,0.533261,0.017662,0.006696,0.267969,48.4125,47.0551,26.5,0.0162,0.1,0.00648,0.04,-57.7648,10.673409028485779,7.5435967689978245,0.0,0.0,0.0,0.0,0.0,0.0,0.0,0.0,0.0,0.0,0.0,0.0,0.0,0.0,0.0,0.0,0.0,0.0,3.0,5.0,6.47436e-314,43.5,0.0595513429711684,3.1161714535005176,-0.2500089866592993,3.0,0.326999,309.0,3.974983415489596
93,93.0,93.0,93.0,93.0,93.0,93.0,74.0,28050.0,50.0,0.0331372519623208,0.02,0.001,0.0024772,0.02,0.001,0.000817476,0.008,0.0004,0.00236412,0.00236412,0.08646462,0.0,0.505387,0.003971,0.003638,0.236606,35.9801,84.8582,26.5,0.05588,0.1,0.02236,0.04,-57.2207,7.553961188120952,5.431905029762777,0.0,0.0,0.0,0.0,0.0,0.0,0.0,0.0,0.0,0.0,0.0,0.0,0.0,0.0,0.0,0.0,0.0,0.0,3.0,5.0,4.28503e-314,47.0,0.064768454020247,3.3994582458594382,0.1019253771532071,4.0,0.386341,281.0,1.511057950124905
94,94.0,94.0,94.0,94.0,94.0,94.0,90.0,26557.0,57.0,0.0311443810167549,0.02,0.001,0.0073997,0.02,0.001,0.002441901,0.008,0.0004,0.00278916,0.00278916,0.08996064,0.0,0.964616,0.03144,0.004968,0.269923,35.8184,61.2872,26.5,0.3892,0.1,0.15568,0.04,-59.5553,10.176509098951952,7.112047477206731,0.0,0.0,0.0,0.0,0.0,0.0,0.0,0.0,0.0,0.0,0.0,0.0,0.0,0.0,0.0,0.0,0.0,0.0,3.0,5.0,4.28043e-314,45.5,0.0764520898172316,2.5839193155513924,-0.0550796307158637,1.0,0.080251,266.0,2.47751886016822
95,95.0,95.0,95.0,95.0,95.0,95.0,39.0,61033.0,33.0,0.0304809407689657,0.02,0.001,0.0043483,0.02,0.001,0.001434939,0.008,0.0004,0.00059532,0.00059532,0.11586696,0.0,0.670649,0.028634,0.008212,0.289875,35.9476,85.1163,26.5,0.05904,0.1,0.02364,0.04,-55.0532,12.6801819512216,9.899464582339506,0.0,0.0,0.0,0.0,0.0,0.0,0.0,0.0,0.0,0.0,0.0,0.0,0.0,0.0,0.0,0.0,0.0,0.0,3.0,5.0,6.47963e-314,51.0,0.0478350131887942,4.170507715602191,-0.1916858745625423,1.0,0.089422,611.0,0.0774027578475705
96,96.0,96.0,96.0,96.0,96.0,96.0,238.0,26520.0,20.0,0.0268925880045766,0.02,0.001,0.0041602,0.02,0.001,0.001372866,0.008,0.0004,0.00113718,0.00113718,0.09109584,0.0,0.636181,0.024759,0.003806,0.300513,47.771,32.9172,26.5,0.39476,0.1,0.15792,0.04,-58.2612,11.07088263633238,7.924937061511972,0.0,0.0,0.0,0.0,0.0,0.0,0.0,0.0,0.0,0.0,0.0,0.0,0.0,0.0,0.0,0.0,0.0,0.0,3.0,5.0,6.47098e-314,53.5,0.0689942432579516,3.18614377365514,-0.113292180104619,1.0,0.053291,266.0,10.302219548349134
97,97.0,97.0,97.0,97.0,97.0,97.0,103.0,59288.0,88.0,0.031805404489074,0.02,0.001,0.0108174,0.02,0.001,0.003569742,0.008,0.0004,0.00277662,0.00277662,0.10153242,0.0,0.792337,0.03906,0.001713,0.261304,48.1723,38.9807,26.5,0.03328,0.1,0.01332,0.04,-56.4593,11.237348220755885,8.09528096372142,0.0,0.0,0.0,0.0,0.0,0.0,0.0,0.0,0.0,0.0,0.0,0.0,0.0,0.0,0.0,0.0,0.0,0.0,3.0,5.0,6.4722e-314,56.0,0.0569602269311784,3.7518484206960734,-0.1031413131766401,2.0,0.415612,593.0,6.14310629514372
98,98.0,98.0,98.0,98.0,98.0,98.0,163.0,29282.0,82.0,0.0307439781582177,0.02,0.001,0.0029315,0.02,0.001,0.000967395,0.008,0.0004,0.00378444,0.00378444,0.08673324,0.0,0.907811,0.029565,0.008505,0.146514,40.2116,29.4384,26.5,0.02524,0.1,0.01008,0.04,-58.2404,6.831559921462462,5.091241189594182,0.0,0.0,0.0,0.0,0.0,0.0,0.0,0.0,0.0,0.0,0.0,0.0,0.0,0.0,0.0,0.0,0.0,0.0,3.0,5.0,6.47529e-314,17.0,0.1613452548061742,0.6255045953442887,0.3054190898036529,2.0,0.207413,293.0,0.2510448104607579
99,99.0,99.0,99.0,99.0,99.0,99.0,22.0,80283.0,83.0,0.0281611818866737,0.02,0.001,0.0010835,0.02,0.001,0.000357555,0.008,0.0004,0.00021252,0.00021252,0.09509478,0.0,0.662309,0.036186,0.005064,0.17455,37.8154,40.3374,26.5,0.04124,0.1,0.01652,0.04,-58.2338,11.907112826632659,8.852966917834724,0.0,0.0,0.0,0.0,0.0,0.0,0.0,0.0,0.0,0.0,0.0,0.0,0.0,0.0,0.0,0.0,0.0,0.0,3.0,5.0,6.44384e-314,28.0,0.0727760269338087,2.9466447277979606,-0.2694938245544296,1.0,0.227216,803.0,0.1386204652642644
