,Unnamed: 0.6,Unnamed: 0.5,Unnamed: 0.4,Unnamed: 0.3,Unnamed: 0.2,Unnamed: 0.1,Unnamed: 0,gTON_STN_MEAN_nS_pF,gTON_STN_SIGMA,gTON_STN_THETA,gTON_CL_S_MEAN_nS_pF,gTON_CL_S_SIGMA,gTON_CL_S_THETA,gTON_CL_D_MEAN_nS_pF,gTON_CL_D_SIGMA,gTON_CL_D_THETA,gKCC2_S_nS_pF,gKCC2_D_nS_pF,gTRPC3_nS_pF,gHCN_nS_pF,gCA_nS_pF,gL_nS_pF,gSK_nS_pF,gNAP_nS_pF,gNAF_nS_pF,gKDR_nS_pF,gSD_nS,soma_noise_intensity,soma_noise_intensity_theta,dend_noise_intensity,dend_noise_intensity_theta,Eleak_mV,CL_in_S,CL_in_D,Iapp,Iapp_dend,gpe_stim,gpe_stim_freqs,gpe_poisson,W_gpe,gpe_start_time,gpe_base_length,gpe_stim_length,gpe_post_length,str_stim,str_stim_freqs,str_poisson,W_str,str_start_time,str_base_length,str_stim_length,str_post_length,tausyn,tauexc,tausyn_dend,pre_exp_fr,pre_exp_cv,pre_exp_fr_zscore,pre_exp_cv_zscore,connections,total_weight,sim,rel_error
0,0.0,0.0,0.0,0.0,172.0,124120.0,20.0,0.0455528725533451,0.01,0.001,0.007564,0.01,0.001,0.007564,0.004,0.0004,0.001723,0.001723,0.110732,0.0,0.764274,0.054807,0.008124,0.1595,43.4084,63.5912,26.5,0.1769799999999999,0.1,0.0708,0.04,-58.9219,11.543523040815675,11.543523040815675,0.0,0.0,0.0,0.0,0.0,0.0,0.0,0.0,0.0,0.0,0.0,0.0,0.0,0.0,0.0,0.0,0.0,0.0,3.0,5.0,6.47844e-314,4.0,0.1989401832901281,-0.4660118681991761,0.21086965607091,1.0,0.238459,1242.0,0.0065670445809396
1,1.0,1.0,1.0,1.0,160.0,14010.0,10.0,0.0611617446683191,0.01,0.001,0.011574,0.01,0.001,0.011574,0.004,0.0004,0.003793,0.003793,0.116018,0.0,0.834204,0.049134,0.010386,0.16971,38.325,35.7532,26.5,0.02706,0.1,0.01082,0.04,-57.6004,10.57372089338025,10.57372089338025,0.0,0.0,0.0,0.0,0.0,0.0,0.0,0.0,0.0,0.0,0.0,0.0,0.0,0.0,0.0,0.0,0.0,0.0,3.0,5.0,1e-323,4.5,0.3642236488056772,-0.5378697235056932,1.0770731141627266,2.0,0.197436,141.0,0.0080457733911297
2,2.0,2.0,2.0,2.0,134.0,83141.0,41.0,0.0551890437702919,0.01,0.001,0.008238,0.01,0.001,0.008238,0.004,0.0004,0.001189,0.001189,0.106711,0.0,0.613854,0.048737,0.006151,0.126082,32.6539,48.2419,26.5,0.26182,0.1,0.10472,0.04,-59.5337,12.575938594844931,12.575938594844931,0.0,0.0,0.0,0.0,0.0,0.0,0.0,0.0,0.0,0.0,0.0,0.0,0.0,0.0,0.0,0.0,0.0,0.0,3.0,5.0,6.43493e-314,1.5,0.3396957864020186,-1.2288385601237133,1.1028568221413688,6.0,1.429099,832.0,0.0350690184902967
3,3.0,3.0,3.0,3.0,120.0,103267.0,67.0,0.0622362104322453,0.01,0.001,0.003618,0.01,0.001,0.003618,0.004,0.0004,0.001073,0.001073,0.09207,0.0,0.810504,0.043855,0.008438,0.192658,34.6124,54.8244,26.5,0.01942,0.1,0.00778,0.04,-58.3522,10.850314722550184,10.850314722550184,0.0,0.0,0.0,0.0,0.0,0.0,0.0,0.0,0.0,0.0,0.0,0.0,0.0,0.0,0.0,0.0,0.0,0.0,3.0,5.0,4.26895e-314,3.0,0.2462019474422914,-1.2643904176053913,0.5350486046522148,2.0,0.864421,1033.0,0.0570580155796216
4,4.0,4.0,4.0,4.0,143.0,26802.0,2.0,0.0481856298959439,0.01,0.001,0.01481,0.01,0.001,0.01481,0.004,0.0004,0.001279,0.001279,0.075992,0.0,0.770625,0.032538,0.002688,0.036901,49.5213,18.1453,26.5,0.01284,0.1,0.00514,0.04,-58.0617,13.455393104568921,13.455393104568921,0.0,0.0,0.0,0.0,0.0,0.0,0.0,0.0,0.0,0.0,0.0,0.0,0.0,0.0,0.0,0.0,0.0,0.0,3.0,5.0,0.0,3.5,0.0490699664132461,-0.552204380981023,-0.1208969605402268,2.0,0.123404,269.0,0.1016783237457326
5,5.0,5.0,5.0,5.0,210.0,118476.0,76.0,0.0554893756609274,0.01,0.001,0.013034,0.01,0.001,0.013034,0.004,0.0004,0.005979,0.005979,0.057962,0.0,0.675808,0.043778,0.00805,0.169077,19.2961,52.2104,26.5,0.02124,0.1,0.0084999999999999,0.04,-56.3618,9.606894916211338,9.606894916211338,0.0,0.0,0.0,0.0,0.0,0.0,0.0,0.0,0.0,0.0,0.0,0.0,0.0,0.0,0.0,0.0,0.0,0.0,3.0,5.0,6.40663e-314,4.5,0.3945991857359928,-0.5907453937081006,1.016948331832718,2.0,0.924156,1185.0,0.0424577275202442
6,6.0,6.0,6.0,6.0,214.0,88464.0,64.0,0.0470489880399711,0.01,0.001,0.00121,0.01,0.001,0.00121,0.004,0.0004,0.00242,0.00242,0.092801,0.0,0.752844,0.047607,0.012124,0.143029,36.3532,51.4186,26.5,0.01082,0.1,0.00432,0.04,-56.3391,5.976324593979527,5.976324593979527,0.0,0.0,0.0,0.0,0.0,0.0,0.0,0.0,0.0,0.0,0.0,0.0,0.0,0.0,0.0,0.0,0.0,0.0,3.0,5.0,3.14384e-319,5.0,0.1980513761816469,-0.4387789792136601,0.6224500282030175,2.0,0.573553,885.0,0.0033797592753633
7,7.0,7.0,7.0,7.0,224.0,124005.0,5.0,0.0678594536734804,0.01,0.001,0.013632,0.01,0.001,0.013632,0.004,0.0004,0.004309,0.004309,0.113634,0.0,0.546054,0.049139,0.009404,0.197402,39.4139,30.6725,26.5,0.02896,0.1,0.01158,0.04,-57.8008,10.674497531443297,10.674497531443297,0.0,0.0,0.0,0.0,0.0,0.0,0.0,0.0,0.0,0.0,0.0,0.0,0.0,0.0,0.0,0.0,0.0,0.0,3.0,5.0,0.0,4.0,0.391251457272221,-0.5207775555713372,1.3999410852843266,3.0,1.5485,1241.0,0.0353312884318853
8,8.0,8.0,8.0,8.0,185.0,81528.0,28.0,0.0664112757820434,0.01,0.001,0.004626,0.01,0.001,0.004626,0.004,0.0004,0.001461,0.001461,0.11312,0.0,0.548279,0.036129,0.009109,0.134614,32.0256,51.2327,26.5,0.20448,0.1,0.0818,0.04,-59.4177,10.676880154512824,10.676880154512824,0.0,0.0,0.0,0.0,0.0,0.0,0.0,0.0,0.0,0.0,0.0,0.0,0.0,0.0,0.0,0.0,0.0,0.0,3.0,5.0,4.82e-321,4.0,0.2502248238373493,-0.5753229731691537,0.6737822922654476,2.0,0.622449,816.0,0.0254303052102637
9,9.0,9.0,9.0,9.0,227.0,60156.0,56.0,0.0545931511254884,0.01,0.001,0.00607,0.01,0.001,0.00607,0.004,0.0004,0.001055,0.001055,0.150961,0.0,0.570899,0.041789,0.009499,0.079895,50.0191,38.9132,26.5,0.1549,0.1,0.06196,0.04,-59.3904,12.18344930349743,12.18344930349743,0.0,0.0,0.0,0.0,0.0,0.0,0.0,0.0,0.0,0.0,0.0,0.0,0.0,0.0,0.0,0.0,0.0,0.0,3.0,5.0,6.41221e-314,7.5,0.5112738888052302,-0.1979918135255788,1.986303113612099,0.0,0.0,602.0,0.0112690673663411
10,10.0,10.0,10.0,10.0,112.0,77711.0,11.0,0.013694000201589,0.01,0.001,0.004674,0.01,0.001,0.004674,0.004,0.0004,0.002127,0.002127,0.111489,0.0,0.597808,0.041812,0.010779,0.233088,26.2659,26.644,26.5,0.27448,0.1,0.1098,0.04,-58.3303,9.630226953770894,9.630226953770894,0.0,0.0,0.0,0.0,0.0,0.0,0.0,0.0,0.0,0.0,0.0,0.0,0.0,0.0,0.0,0.0,0.0,0.0,3.0,5.0,4.26057e-314,10.0,0.2318144962539224,0.1431083505599867,0.0676286356217033,1.0,0.235216,778.0,0.0054583486361398
11,11.0,11.0,11.0,11.0,45.0,14965.0,65.0,0.0459726564406765,0.01,0.001,0.010362,0.01,0.001,0.010362,0.004,0.0004,0.004787,0.004787,0.115079,0.0,0.581415,0.050626,0.010004,0.181358,35.4941,44.8527,26.5,0.22422,0.1,0.0897,0.04,-58.9538,9.58626711424987,9.58626711424987,0.0,0.0,0.0,0.0,0.0,0.0,0.0,0.0,0.0,0.0,0.0,0.0,0.0,0.0,0.0,0.0,0.0,0.0,3.0,5.0,6.40597e-314,7.5,0.1825167668614295,-0.1055090214204873,0.1926688235356071,1.0,0.079759,150.0,0.0023569674724055
12,12.0,12.0,12.0,12.0,139.0,79571.0,71.0,0.0483842382405932,0.01,0.001,0.006094,0.01,0.001,0.006094,0.004,0.0004,0.003713,0.003713,0.099648,0.0,0.629857,0.037472,0.01047,0.148956,38.546,47.5841,26.5,0.23056,0.1,0.09222,0.04,-56.0686,8.781611192379337,8.781611192379337,0.0,0.0,0.0,0.0,0.0,0.0,0.0,0.0,0.0,0.0,0.0,0.0,0.0,0.0,0.0,0.0,0.0,0.0,3.0,5.0,4.24751e-314,9.5,0.1453491971958857,0.0850403240103491,-0.1940842271680165,1.0,0.421595,796.0,0.0389541053227404
13,13.0,13.0,13.0,13.0,122.0,75850.0,50.0,0.0611897586253561,0.01,0.001,0.010376,0.01,0.001,0.010376,0.004,0.0004,0.002276,0.002276,0.12274,0.0,0.391837,0.04124,0.010711,0.129274,39.0439,48.4102,26.5,0.01634,0.1,0.00654,0.04,-56.399,11.6374368665092,11.6374368665092,0.0,0.0,0.0,0.0,0.0,0.0,0.0,0.0,0.0,0.0,0.0,0.0,0.0,0.0,0.0,0.0,0.0,0.0,3.0,5.0,4.24544e-314,8.5,0.4780396929864523,-0.0688713525107662,1.775647028339732,1.0,0.432949,759.0,2.9392843788103915e-05
14,14.0,14.0,14.0,14.0,241.0,88926.0,26.0,0.0390206369669551,0.01,0.001,0.009958,0.01,0.001,0.009958,0.004,0.0004,0.001007,0.001007,0.063839,0.0,0.470485,0.027191,0.009969,0.186572,47.0454,20.4499,26.5,0.19064,0.1,0.07626,0.04,-58.4085,13.216462548572892,13.216462548572892,0.0,0.0,0.0,0.0,0.0,0.0,0.0,0.0,0.0,0.0,0.0,0.0,0.0,0.0,0.0,0.0,0.0,0.0,3.0,5.0,4.11e-321,5.5,0.4658087204834373,-0.4470508676769117,1.5797431871171563,2.0,0.538683,890.0,0.0012526008217884
15,15.0,15.0,15.0,15.0,189.0,58548.0,48.0,0.0334618044919837,0.01,0.001,0.013078,0.01,0.001,0.013078,0.004,0.0004,0.004953,0.004953,0.122837,0.0,0.792789,0.043561,0.006943,0.193692,42.626,38.7329,26.5,0.24466,0.1,0.09786,0.04,-57.2622,10.162832531618418,10.162832531618418,0.0,0.0,0.0,0.0,0.0,0.0,0.0,0.0,0.0,0.0,0.0,0.0,0.0,0.0,0.0,0.0,0.0,0.0,3.0,5.0,1.16585e-54,9.5,0.3273937893938073,0.1668730430078696,1.1054494725058597,3.0,0.5384329999999999,586.0,0.0244343795076215
16,16.0,16.0,16.0,16.0,15.0,103745.0,45.0,0.0790019477497703,0.01,0.001,0.002558,0.01,0.001,0.002558,0.004,0.0004,0.001283,0.001283,0.10326,0.0,0.677797,0.039555,0.008847,0.149091,38.5793,40.4266,26.5,0.21736,0.1,0.08694,0.04,-57.1206,9.346178956029371,9.346178956029371,0.0,0.0,0.0,0.0,0.0,0.0,0.0,0.0,0.0,0.0,0.0,0.0,0.0,0.0,0.0,0.0,0.0,0.0,3.0,5.0,0.0,8.5,0.2896728434639072,0.0929826880266719,1.1388045429097051,1.0,0.40011,1038.0,0.007382733772461
17,17.0,17.0,17.0,17.0,193.0,19149.0,49.0,0.027829921104677,0.01,0.001,0.002984,0.01,0.001,0.002984,0.004,0.0004,0.002283,0.002283,0.128077,0.0,0.846194,0.031748,0.01435,0.236351,32.1249,56.4262,26.5,0.2745999999999999,0.1,0.10984,0.04,-57.784,8.14050809441098,8.14050809441098,0.0,0.0,0.0,0.0,0.0,0.0,0.0,0.0,0.0,0.0,0.0,0.0,0.0,0.0,0.0,0.0,0.0,0.0,3.0,5.0,6.41663e-314,9.0,0.3542399154597326,-0.0632888037083952,0.933455787648628,3.0,0.359607,192.0,0.0143051857809303
18,18.0,18.0,18.0,18.0,44.0,120838.0,38.0,0.0505999016239572,0.01,0.001,0.002058,0.01,0.001,0.002058,0.004,0.0004,0.004292,0.004292,0.124585,0.0,1.14184,0.023016,0.009319,0.186819,29.6224,43.9336,26.5,0.02396,0.1,0.00958,0.04,-57.5248,5.9067013989704025,5.9067013989704025,0.0,0.0,0.0,0.0,0.0,0.0,0.0,0.0,0.0,0.0,0.0,0.0,0.0,0.0,0.0,0.0,0.0,0.0,3.0,5.0,4.27978e-314,13.0,0.2656944401746637,0.4747132992542164,0.6714451026462563,2.0,0.858376,1209.0,0.0233075898357955
19,19.0,19.0,19.0,19.0,59.0,110357.0,57.0,0.0504108213187428,0.01,0.001,0.011326,0.01,0.001,0.011326,0.004,0.0004,0.006973,0.006973,0.092656,0.0,0.697925,0.024272,0.009788,0.18375,32.4448,32.8596,26.5,0.196,0.1,0.0784,0.04,-57.757,8.751718479446284,8.751718479446284,0.0,0.0,0.0,0.0,0.0,0.0,0.0,0.0,0.0,0.0,0.0,0.0,0.0,0.0,0.0,0.0,0.0,0.0,3.0,5.0,4.26391e-314,13.5,0.2518934281777235,0.7180236346487233,0.2727755679555085,1.0,0.449987,1104.0,0.0185065540179815
20,20.0,20.0,20.0,20.0,56.0,122806.0,6.0,0.0563290401424449,0.01,0.001,0.006756,0.01,0.001,0.006756,0.004,0.0004,0.001902,0.001902,0.120299,0.0,0.281659,0.028491,0.014497,0.186541,44.4114,54.3134,26.5,0.0218,0.1,0.00872,0.04,-58.573,10.99172644770081,10.99172644770081,0.0,0.0,0.0,0.0,0.0,0.0,0.0,0.0,0.0,0.0,0.0,0.0,0.0,0.0,0.0,0.0,0.0,0.0,3.0,5.0,0.0,15.0,0.2374074746593366,0.6953163237692611,0.2949573459555362,1.0,0.353473,1229.0,0.0194928339354373
21,21.0,21.0,21.0,21.0,2.0,12384.0,84.0,0.0632824829847344,0.01,0.001,0.007906,0.01,0.001,0.007906,0.004,0.0004,0.000902,0.000902,0.116514,0.0,0.698501,0.048105,0.008109,0.238944,25.874,57.6584,26.5,0.2165,0.1,0.0866,0.04,-59.927,13.015419288443436,13.015419288443436,0.0,0.0,0.0,0.0,0.0,0.0,0.0,0.0,0.0,0.0,0.0,0.0,0.0,0.0,0.0,0.0,0.0,0.0,3.0,5.0,6.40149e-314,13.5,0.0545474556878352,0.5997540761982842,-0.5429660268063401,0.0,0.0,124.0,0.0023981011602142
22,22.0,22.0,22.0,22.0,198.0,79301.0,1.0,0.0349632494473349,0.01,0.001,0.008668,0.01,0.001,0.008668,0.004,0.0004,0.002075,0.002075,0.103873,0.0,1.03845,0.048199,0.006811,0.22498,26.4192,53.4346,26.5,0.19652,0.1,0.0786,0.04,-56.588,11.41783179488019,11.41783179488019,0.0,0.0,0.0,0.0,0.0,0.0,0.0,0.0,0.0,0.0,0.0,0.0,0.0,0.0,0.0,0.0,0.0,0.0,3.0,5.0,0.0,14.0,0.4190266740930285,0.5455811758118222,1.2683512682241371,1.0,0.226099,794.0,0.0031636813669761
23,23.0,23.0,23.0,23.0,54.0,103198.0,98.0,0.0796702452326549,0.01,0.001,0.012876,0.01,0.001,0.012876,0.004,0.0004,0.004363,0.004363,0.097759,0.0,0.750254,0.040645,0.008536,0.168722,39.2269,51.9269,26.5,0.19466,0.1,0.07786,0.04,-56.4238,10.479815958299664,10.479815958299664,0.0,0.0,0.0,0.0,0.0,0.0,0.0,0.0,0.0,0.0,0.0,0.0,0.0,0.0,0.0,0.0,0.0,0.0,3.0,5.0,0.0,11.0,0.2972297298743744,0.6448681634677028,0.6827794781566494,1.0,0.430372,1032.0,0.0255541008799565
24,24.0,24.0,24.0,24.0,28.0,76101.0,1.0,0.0650030901416428,0.01,0.001,0.012546,0.01,0.001,0.012546,0.004,0.0004,0.001608,0.001608,0.139255,0.0,0.959344,0.03745,0.011965,0.176048,35.9093,46.1476,26.5,0.22348,0.1,0.0894,0.04,-58.5398,12.8058989815758,12.8058989815758,0.0,0.0,0.0,0.0,0.0,0.0,0.0,0.0,0.0,0.0,0.0,0.0,0.0,0.0,0.0,0.0,0.0,0.0,3.0,5.0,0.0,15.0,0.1151673104546604,0.7673168766386821,-0.6258785066599097,1.0,0.236578,762.0,0.0530191944756597
25,25.0,25.0,25.0,25.0,78.0,42374.0,74.0,0.072049259802861,0.01,0.001,0.002772,0.01,0.001,0.002772,0.004,0.0004,0.006802,0.006802,0.127762,0.0,0.722432,0.048472,0.009166,0.185284,40.1272,49.5612,26.5,0.1604999999999999,0.1,0.0642,0.04,-58.4947,5.6556478362295985,5.6556478362295985,0.0,0.0,0.0,0.0,0.0,0.0,0.0,0.0,0.0,0.0,0.0,0.0,0.0,0.0,0.0,0.0,0.0,0.0,3.0,5.0,6.43609e-314,13.0,0.2086861067015866,0.3484690264187913,0.3066775540461073,1.0,0.200956,424.0,0.0002921738975285
26,26.0,26.0,26.0,26.0,50.0,49470.0,70.0,0.0162119462763567,0.01,0.001,0.004682,0.01,0.001,0.004682,0.004,0.0004,0.001152,0.001152,0.097353,0.0,0.800857,0.02436,0.00954,0.110521,39.2931,38.8521,26.5,0.01842,0.1,0.00736,0.04,-54.1004,11.347338500238266,11.347338500238266,0.0,0.0,0.0,0.0,0.0,0.0,0.0,0.0,0.0,0.0,0.0,0.0,0.0,0.0,0.0,0.0,0.0,0.0,3.0,5.0,6.43945e-314,11.5,0.2307279149835355,0.4042280483453833,0.3482490937500056,1.0,0.202567,495.0,0.0110902251156885
27,27.0,27.0,27.0,27.0,237.0,44481.0,81.0,0.029684409771436,0.01,0.001,0.011952,0.01,0.001,0.011952,0.004,0.0004,0.001558,0.001558,0.125992,0.0,0.801517,0.037433,0.011333,0.164652,37.3136,48.2578,26.5,0.02002,0.1,0.008,0.04,-57.384,12.77414401267602,12.77414401267602,0.0,0.0,0.0,0.0,0.0,0.0,0.0,0.0,0.0,0.0,0.0,0.0,0.0,0.0,0.0,0.0,0.0,0.0,3.0,5.0,4.28315e-314,15.0,0.1286359399524383,0.5543494569256167,-0.0830401857068401,1.0,0.240077,445.0,0.2031112524401148
28,28.0,28.0,28.0,28.0,53.0,48753.0,53.0,0.0582757438463382,0.01,0.001,0.017434,0.01,0.001,0.017434,0.004,0.0004,0.002409,0.002409,0.111264,0.0,0.852243,0.040624,0.009713,0.200049,35.7295,56.1758,26.5,0.25222,0.1,0.10088,0.04,-56.438,12.66218967410043,12.66218967410043,0.0,0.0,0.0,0.0,0.0,0.0,0.0,0.0,0.0,0.0,0.0,0.0,0.0,0.0,0.0,0.0,0.0,0.0,3.0,5.0,4.27795e-314,13.5,0.2462504730532058,0.9941600150440252,0.7465597095503389,1.0,0.233031,488.0,0.1349094102179775
29,29.0,29.0,29.0,29.0,152.0,98897.0,97.0,0.0696934235758667,0.01,0.001,0.019668,0.01,0.001,0.019668,0.004,0.0004,0.004207,0.004207,0.115121,0.0,0.282753,0.036331,0.014238,0.23287,37.2503,67.3875,26.5,0.0123,0.1,0.00492,0.04,-59.4996,11.699259366539334,11.699259366539334,0.0,0.0,0.0,0.0,0.0,0.0,0.0,0.0,0.0,0.0,0.0,0.0,0.0,0.0,0.0,0.0,0.0,0.0,3.0,5.0,4.26732e-314,13.0,0.178275331627504,0.4441229733672129,0.2186427604533575,1.0,0.182454,989.0,0.089942439312488
30,30.0,30.0,30.0,30.0,131.0,16262.0,62.0,0.0668586667920011,0.01,0.001,0.019668,0.01,0.001,0.019668,0.004,0.0004,0.004207,0.004207,0.129576,0.0,0.524557,0.039445,0.00746,0.180893,39.5662,58.3178,26.5,0.0289999999999999,0.1,0.0116,0.04,-59.2568,11.699259366539334,11.699259366539334,0.0,0.0,0.0,0.0,0.0,0.0,0.0,0.0,0.0,0.0,0.0,0.0,0.0,0.0,0.0,0.0,0.0,0.0,3.0,5.0,0.0,18.5,0.1166896498719792,1.3687815557299334,-0.1260427033785496,2.0,0.271155,163.0,0.3466776054350446
31,31.0,31.0,31.0,31.0,174.0,20838.0,38.0,0.0567307416239789,0.01,0.001,0.007806,0.01,0.001,0.007806,0.004,0.0004,0.002057,0.002057,0.120055,0.0,0.488331,0.035333,0.005687,0.145345,42.9498,64.2633,26.5,0.0312599999999999,0.1,0.0125,0.04,-56.3019,11.168226433129066,11.168226433129066,0.0,0.0,0.0,0.0,0.0,0.0,0.0,0.0,0.0,0.0,0.0,0.0,0.0,0.0,0.0,0.0,0.0,0.0,3.0,5.0,4.25246e-314,20.0,0.1050262684824146,1.0535514261330068,0.3048108901683382,1.0,0.117489,209.0,0.4910047883491287
32,32.0,32.0,32.0,32.0,16.0,60088.0,88.0,0.0545463511099661,0.01,0.001,0.00492,0.01,0.001,0.00492,0.004,0.0004,0.006799,0.006799,0.105033,0.0,0.966678,0.016812,0.010501,0.175653,36.6325,30.9438,26.5,0.01766,0.1,0.00706,0.04,-55.9236,6.683221253941663,6.683221253941663,0.0,0.0,0.0,0.0,0.0,0.0,0.0,0.0,0.0,0.0,0.0,0.0,0.0,0.0,0.0,0.0,0.0,0.0,3.0,5.0,6.40995e-314,16.0,0.2854619022450324,0.5276431840801881,0.6024260775877389,3.0,0.819856,601.0,0.0837632090945202
33,33.0,33.0,33.0,33.0,86.0,80365.0,65.0,0.0664137571420581,0.01,0.001,0.001866,0.01,0.001,0.001866,0.004,0.0004,0.004022,0.004022,0.097717,0.0,0.634003,0.047309,0.006194,0.236617,30.5806,47.8137,26.5,0.14388,0.1,0.05756,0.04,-54.3827,5.853344899007792,5.853344899007792,0.0,0.0,0.0,0.0,0.0,0.0,0.0,0.0,0.0,0.0,0.0,0.0,0.0,0.0,0.0,0.0,0.0,0.0,3.0,5.0,6.44226e-314,16.0,0.2746524719487551,1.320252683460153,0.891061521546561,2.0,0.577625,804.0,0.0596327337802593
34,34.0,34.0,34.0,34.0,168.0,22510.0,10.0,0.0613895318398885,0.01,0.001,0.006186,0.01,0.001,0.006186,0.004,0.0004,0.000731,0.000731,0.117755,0.0,0.784945,0.047659,0.004951,0.221608,42.3168,77.2786,26.5,0.24132,0.1,0.0965399999999999,0.04,-59.6367,12.95378745120123,12.95378745120123,0.0,0.0,0.0,0.0,0.0,0.0,0.0,0.0,0.0,0.0,0.0,0.0,0.0,0.0,0.0,0.0,0.0,0.0,3.0,5.0,1e-323,18.0,0.186832725330805,1.08509837977487,0.3470558812825028,3.0,0.276453,226.0,0.0102339257310967
35,35.0,35.0,35.0,35.0,217.0,11296.0,96.0,0.054134959244307,0.01,0.001,0.004504,0.01,0.001,0.004504,0.004,0.0004,0.003582,0.003582,0.110632,0.0,0.659977,0.034486,0.008537,0.215517,46.5294,39.4621,26.5,0.0196,0.1,0.00784,0.04,-58.6915,8.034772651225348,8.034772651225348,0.0,0.0,0.0,0.0,0.0,0.0,0.0,0.0,0.0,0.0,0.0,0.0,0.0,0.0,0.0,0.0,0.0,0.0,3.0,5.0,6.48285e-314,19.0,0.0932214976623693,1.4044663279989216,-0.2274993541023834,1.0,0.058558,113.0,0.0307116945273505
36,36.0,36.0,36.0,36.0,6.0,133880.0,80.0,0.0476516729960014,0.01,0.001,0.011078,0.01,0.001,0.011078,0.004,0.0004,0.00464,0.00464,0.080924,0.0,0.74922,0.040325,0.004993,0.209732,37.7276,66.9902,26.5,0.0204799999999999,0.1,0.00818,0.04,-57.7179,9.871788282488296,9.871788282488296,0.0,0.0,0.0,0.0,0.0,0.0,0.0,0.0,0.0,0.0,0.0,0.0,0.0,0.0,0.0,0.0,0.0,0.0,3.0,5.0,6.40895e-314,15.5,0.2106031978024833,1.0828414807602111,0.652516487392647,1.0,0.355689,1339.0,0.0356893106077791
37,37.0,37.0,37.0,37.0,206.0,58260.0,60.0,0.0289592051724639,0.01,0.001,0.005852,0.01,0.001,0.005852,0.004,0.0004,0.003548,0.003548,0.12362,0.0,0.921642,0.041992,0.007785,0.293393,36.3046,57.8571,26.5,0.02456,0.1,0.00982,0.04,-59.0385,8.795798221101808,8.795798221101808,0.0,0.0,0.0,0.0,0.0,0.0,0.0,0.0,0.0,0.0,0.0,0.0,0.0,0.0,0.0,0.0,0.0,0.0,3.0,5.0,6.40971e-314,19.5,0.2025370985146373,1.177929826263289,0.6463026873665224,3.0,0.398584,583.0,0.1074759191452586
38,38.0,38.0,38.0,38.0,180.0,124678.0,78.0,0.057930487805148,0.01,0.001,0.001536,0.01,0.001,0.001536,0.004,0.0004,0.003056,0.003056,0.107439,0.0,0.7163,0.039062,0.006143,0.181688,40.9857,62.7941,26.5,0.01784,0.1,0.00714,0.04,-56.2396,5.985153855705975,5.985153855705975,0.0,0.0,0.0,0.0,0.0,0.0,0.0,0.0,0.0,0.0,0.0,0.0,0.0,0.0,0.0,0.0,0.0,0.0,3.0,5.0,6.4742e-314,15.5,0.1963284117764628,0.7335809276288251,0.7181443123102257,1.0,0.297461,1247.0,0.0234841943090343
39,39.0,39.0,39.0,39.0,48.0,972.0,72.0,0.06970800820108,0.01,0.001,0.00533,0.01,0.001,0.00533,0.004,0.0004,0.005734,0.005734,0.118853,0.0,0.671788,0.039536,0.009775,0.159926,35.6932,45.2528,26.5,0.18722,0.1,0.07488,0.04,-55.5296,7.255517267856258,7.255517267856258,0.0,0.0,0.0,0.0,0.0,0.0,0.0,0.0,0.0,0.0,0.0,0.0,0.0,0.0,0.0,0.0,0.0,0.0,3.0,5.0,0.0,17.0,0.1445085339506019,1.4313599986629175,-0.5257292179711585,1.0,0.099615,10.0,0.1206927222962443
40,40.0,40.0,40.0,40.0,239.0,54171.0,71.0,0.0535857884733198,0.01,0.001,0.005794,0.01,0.001,0.005794,0.004,0.0004,0.00523,0.00523,0.086703,0.0,0.757437,0.047023,0.008423,0.238566,37.1965,43.9126,26.5,0.07772,0.1,0.03108,0.04,-55.2576,7.6976295827230885,7.6976295827230885,0.0,0.0,0.0,0.0,0.0,0.0,0.0,0.0,0.0,0.0,0.0,0.0,0.0,0.0,0.0,0.0,0.0,0.0,3.0,5.0,4.25013e-314,17.0,0.2551930429600363,0.6842125529378563,0.3845225225913471,1.0,0.247097,542.0,0.0096527334420856
41,41.0,41.0,41.0,41.0,24.0,131429.0,29.0,0.053707476370493,0.01,0.001,0.012944,0.01,0.001,0.012944,0.004,0.0004,0.004877,0.004877,0.174133,0.0,0.613193,0.042612,0.010218,0.180054,35.4052,49.2907,26.5,0.02712,0.1,0.0108399999999999,0.04,-57.8227,10.177666642644894,10.177666642644894,0.0,0.0,0.0,0.0,0.0,0.0,0.0,0.0,0.0,0.0,0.0,0.0,0.0,0.0,0.0,0.0,0.0,0.0,3.0,5.0,6.47828e-314,17.5,0.1927257565859081,0.9292536842707244,0.376335881712932,3.0,1.228409,1315.0,0.0288732647931685
42,42.0,42.0,42.0,42.0,171.0,20647.0,47.0,0.0566989647896395,0.01,0.001,0.011298,0.01,0.001,0.011298,0.004,0.0004,0.002305,0.002305,0.10492,0.0,0.719629,0.027924,0.007195,0.230775,32.3816,56.2013,26.5,0.02132,0.1,0.00852,0.04,-59.8866,11.813680872544301,11.813680872544301,0.0,0.0,0.0,0.0,0.0,0.0,0.0,0.0,0.0,0.0,0.0,0.0,0.0,0.0,0.0,0.0,0.0,0.0,3.0,5.0,4.26923e-314,19.0,0.1919142684581168,1.1211841945089875,0.19105343997319,2.0,0.18756,207.0,0.1174900469677548
43,43.0,43.0,43.0,43.0,37.0,120711.0,11.0,0.0704915177675037,0.01,0.001,0.019668,0.01,0.001,0.019668,0.004,0.0004,0.004207,0.004207,0.144277,0.0,0.670741,0.048581,0.007305,0.192516,35.7342,40.9666,26.5,0.25886,0.1,0.10354,0.04,-58.1817,11.699259366539334,11.699259366539334,0.0,0.0,0.0,0.0,0.0,0.0,0.0,0.0,0.0,0.0,0.0,0.0,0.0,0.0,0.0,0.0,0.0,0.0,3.0,5.0,4.24399e-314,17.5,0.2081639239076635,1.0047330287124872,0.3571344257311782,3.0,1.158579,1208.0,0.0045073253137514
44,44.0,44.0,44.0,44.0,165.0,26531.0,31.0,0.0477315528681766,0.01,0.001,0.003656,0.01,0.001,0.003656,0.004,0.0004,0.007051,0.007051,0.101552,0.0,0.514788,0.045626,0.004177,0.129921,51.8133,60.7931,26.5,0.0780599999999999,0.1,0.03122,0.04,-57.858,6.038457619276826,6.038457619276826,0.0,0.0,0.0,0.0,0.0,0.0,0.0,0.0,0.0,0.0,0.0,0.0,0.0,0.0,0.0,0.0,0.0,0.0,3.0,5.0,4.28045e-314,16.5,0.1383732512291215,0.4008556549253069,0.4282487185934217,2.0,0.189808,266.0,0.0884207262460412
45,45.0,45.0,45.0,45.0,65.0,1637.0,37.0,0.0449959512582125,0.01,0.001,0.015214,0.01,0.001,0.015214,0.004,0.0004,0.001404,0.001404,0.102979,0.0,0.775702,0.036539,0.007708,0.190411,37.6325,51.6385,26.5,0.02148,0.1,0.00858,0.04,-56.6463,13.358222650402471,13.358222650402471,0.0,0.0,0.0,0.0,0.0,0.0,0.0,0.0,0.0,0.0,0.0,0.0,0.0,0.0,0.0,0.0,0.0,0.0,3.0,5.0,6.44194e-314,20.0,0.0555996112502787,1.760447756732656,-0.6217116483870918,1.0,0.070577,17.0,0.5712402052849128
46,46.0,46.0,46.0,46.0,190.0,44100.0,0.0,0.04003184711583,0.01,0.001,0.008828,0.01,0.001,0.008828,0.004,0.0004,0.008212,0.008212,0.129261,0.0,0.566293,0.051587,0.007175,0.221182,34.3363,58.2285,26.5,0.2377599999999999,0.1,0.0950999999999999,0.04,-56.8218,7.619658187426357,7.619658187426357,0.0,0.0,0.0,0.0,0.0,0.0,0.0,0.0,0.0,0.0,0.0,0.0,0.0,0.0,0.0,0.0,0.0,0.0,3.0,5.0,6.46758e-314,18.0,0.1390749749688081,1.38398715790221,-0.4544725203008993,1.0,0.210109,442.0,0.098451872204086
47,47.0,47.0,47.0,47.0,159.0,32184.0,84.0,0.0444667344892351,0.01,0.001,0.008228,0.01,0.001,0.008228,0.004,0.0004,0.001135,0.001135,0.171875,0.0,0.723179,0.052309,0.007175,0.148156,62.1396,47.1836,26.5,0.3171199999999999,0.1,0.12684,0.04,-57.753,12.665510197656138,12.665510197656138,0.0,0.0,0.0,0.0,0.0,0.0,0.0,0.0,0.0,0.0,0.0,0.0,0.0,0.0,0.0,0.0,0.0,0.0,3.0,5.0,6.44503e-314,20.5,0.1199717598802492,1.216302418346684,0.2043567582201028,1.0,0.167934,322.0,0.0645137563559439
48,48.0,48.0,48.0,48.0,94.0,54745.0,45.0,0.046824968890199,0.01,0.001,0.006484,0.01,0.001,0.006484,0.004,0.0004,0.00124,0.00124,0.109628,0.0,0.688839,0.046144,0.007535,0.267334,26.1469,49.9286,26.5,0.1284199999999999,0.1,0.05136,0.04,-57.5881,11.966295981807876,11.966295981807876,0.0,0.0,0.0,0.0,0.0,0.0,0.0,0.0,0.0,0.0,0.0,0.0,0.0,0.0,0.0,0.0,0.0,0.0,3.0,5.0,0.0,20.5,0.1727520956676436,1.2322270814246383,0.3612935028005978,2.0,0.337206,548.0,0.0374540195345945
49,49.0,49.0,49.0,49.0,84.0,127005.0,5.0,0.043470343671761,0.01,0.001,0.007548,0.01,0.001,0.007548,0.004,0.0004,0.006069,0.006069,0.133348,0.0,0.186576,0.032667,0.01237,0.230148,44.0754,77.2903,26.5,0.0073399999999999,0.1,0.00294,0.04,-57.9234,8.005072261446237,8.005072261446237,0.0,0.0,0.0,0.0,0.0,0.0,0.0,0.0,0.0,0.0,0.0,0.0,0.0,0.0,0.0,0.0,0.0,0.0,3.0,5.0,0.0,22.0,0.132859906548268,1.0503925806471106,-0.0416977022472413,3.0,1.0374560000000002,1271.0,0.249125745212017
50,50.0,50.0,50.0,50.0,111.0,61528.0,28.0,0.0574319985523741,0.01,0.001,0.0034,0.01,0.001,0.0034,0.004,0.0004,0.000821,0.000821,0.145005,0.0,0.635799,0.020523,0.010041,0.22912,38.5898,42.7146,26.5,0.10558,0.1,0.04222,0.04,-59.3354,11.395645569531718,11.395645569531718,0.0,0.0,0.0,0.0,0.0,0.0,0.0,0.0,0.0,0.0,0.0,0.0,0.0,0.0,0.0,0.0,0.0,0.0,3.0,5.0,4.82e-321,21.0,0.3058831061882089,0.8867815666990747,0.673371669790429,3.0,0.656038,616.0,0.020218993987553
51,51.0,51.0,51.0,51.0,155.0,129883.0,83.0,0.0478591282757309,0.01,0.001,0.00564,0.01,0.001,0.00564,0.004,0.0004,0.001984,0.001984,0.144092,0.0,0.737601,0.031281,0.006265,0.187922,32.9914,48.0934,26.5,0.03212,0.1,0.01286,0.04,-57.6565,10.373830092285468,10.373830092285468,0.0,0.0,0.0,0.0,0.0,0.0,0.0,0.0,0.0,0.0,0.0,0.0,0.0,0.0,0.0,0.0,0.0,0.0,3.0,5.0,6.44593e-314,21.5,0.49585449312968,1.258910925746269,1.8777334176502725,4.0,1.795145,1299.0,0.5916679298614411
52,52.0,52.0,52.0,52.0,69.0,126973.0,73.0,0.03763079150054,0.01,0.001,0.003514,0.01,0.001,0.003514,0.004,0.0004,0.003559,0.003559,0.159545,0.0,0.657084,0.008528,0.007967,0.064433,36.1952,23.9494,26.5,0.22366,0.1,0.08946,0.04,-57.9319,7.403979751470092,7.403979751470092,0.0,0.0,0.0,0.0,0.0,0.0,0.0,0.0,0.0,0.0,0.0,0.0,0.0,0.0,0.0,0.0,0.0,0.0,3.0,5.0,2.57187e-315,22.0,0.1832637278818579,1.1941834144076922,0.1240305483492059,1.0,0.462305,1270.0,0.0297515993317533
53,53.0,53.0,53.0,53.0,68.0,25071.0,71.0,0.0707739268848357,0.01,0.001,0.012308,0.01,0.001,0.012308,0.004,0.0004,0.000858,0.000858,0.121234,0.0,0.292935,0.042984,0.00681,0.248675,36.0381,50.1936,26.5,0.01522,0.1,0.00608,0.04,-59.0632,13.738469060270882,13.738469060270882,0.0,0.0,0.0,0.0,0.0,0.0,0.0,0.0,0.0,0.0,0.0,0.0,0.0,0.0,0.0,0.0,0.0,0.0,3.0,5.0,4.26177e-314,21.0,0.0843589825832732,1.4448266811142387,-0.1594567224895845,1.0,0.051963,251.0,0.2560936013768364
54,54.0,54.0,54.0,54.0,199.0,76472.0,72.0,0.0500224753250284,0.01,0.001,0.001924,0.01,0.001,0.001924,0.004,0.0004,0.002667,0.002667,0.123627,0.0,0.68138,0.029827,0.009337,0.208128,24.2291,32.975,26.5,0.0215199999999999,0.1,0.0086,0.04,-58.4831,6.676640622703593,6.676640622703593,0.0,0.0,0.0,0.0,0.0,0.0,0.0,0.0,0.0,0.0,0.0,0.0,0.0,0.0,0.0,0.0,0.0,0.0,3.0,5.0,0.0,20.5,0.2376116391088348,1.4054594538133842,-0.0601634565206807,1.0,0.35441,765.0,0.118938336877483
55,55.0,55.0,55.0,55.0,146.0,3629.0,29.0,0.0559874264148444,0.01,0.001,0.002994,0.01,0.001,0.002994,0.004,0.0004,0.000851,0.000851,0.126259,0.0,0.660265,0.033736,0.009304,0.213293,28.2365,61.7045,26.5,0.01836,0.1,0.0073399999999999,0.04,-58.3804,10.965883204237004,10.965883204237004,0.0,0.0,0.0,0.0,0.0,0.0,0.0,0.0,0.0,0.0,0.0,0.0,0.0,0.0,0.0,0.0,0.0,0.0,3.0,5.0,6.47198e-314,23.5,0.1066525936938121,2.632879116631784,-0.4748107735446237,1.0,0.101455,37.0,0.3068320159652211
56,56.0,56.0,56.0,56.0,35.0,130003.0,3.0,0.0303603688413102,0.01,0.001,0.006548,0.01,0.001,0.006548,0.004,0.0004,0.000894,0.000894,0.185947,0.0,0.871615,0.072568,0.006097,0.144292,50.1,51.7833,26.5,0.0361999999999999,0.1,0.01448,0.04,-56.2301,12.685558106485498,12.685558106485498,0.0,0.0,0.0,0.0,0.0,0.0,0.0,0.0,0.0,0.0,0.0,0.0,0.0,0.0,0.0,0.0,0.0,0.0,3.0,5.0,0.0,23.0,0.0840764170713814,1.0000627811570215,-0.2432342527365462,1.0,0.336105,1301.0,1.0859205236456748
57,57.0,57.0,57.0,57.0,145.0,121863.0,63.0,0.0363418785422756,0.01,0.001,0.00347,0.01,0.001,0.00347,0.004,0.0004,0.003929,0.003929,0.139148,0.0,0.173453,0.016026,0.013074,0.21531,32.8033,42.4009,26.5,0.0294,0.1,0.01176,0.04,-57.1115,7.132715535869377,7.132715535869377,0.0,0.0,0.0,0.0,0.0,0.0,0.0,0.0,0.0,0.0,0.0,0.0,0.0,0.0,0.0,0.0,0.0,0.0,3.0,5.0,6.41624e-314,21.5,0.2796753797018735,1.752344949732385,0.9157010376050116,1.0,0.570156,1219.0,0.1035811201130173
58,58.0,58.0,58.0,58.0,209.0,86387.0,87.0,0.0466288356714787,0.01,0.001,0.011478,0.01,0.001,0.011478,0.004,0.0004,0.001943,0.001943,0.06088,0.0,0.521725,0.016863,0.006708,0.228678,29.8482,39.9171,26.5,0.1328,0.1,0.05312,0.04,-55.7884,12.241576321981864,12.241576321981864,0.0,0.0,0.0,0.0,0.0,0.0,0.0,0.0,0.0,0.0,0.0,0.0,0.0,0.0,0.0,0.0,0.0,0.0,3.0,5.0,6.47379e-314,20.5,0.2062266696844228,1.120472687853871,0.3243734140710773,2.0,0.731506,864.0,0.473806205965352
59,59.0,59.0,59.0,59.0,179.0,8905.0,5.0,0.0359874361893252,0.01,0.001,0.009394,0.01,0.001,0.009394,0.004,0.0004,0.006574,0.006574,0.15915,0.0,0.754488,0.042257,0.010832,0.207565,36.1099,31.8954,26.5,0.18678,0.1,0.07472,0.04,-58.1384,8.388005137492254,8.388005137492254,0.0,0.0,0.0,0.0,0.0,0.0,0.0,0.0,0.0,0.0,0.0,0.0,0.0,0.0,0.0,0.0,0.0,0.0,3.0,5.0,0.0,22.0,0.093267744787261,1.5697864394359275,-0.2815076898925405,3.0,0.246614,90.0,0.014005852540777
60,60.0,60.0,60.0,60.0,222.0,17368.0,68.0,0.060521001148701,0.01,0.001,0.00459,0.01,0.001,0.00459,0.004,0.0004,0.00096,0.00096,0.105796,0.0,0.73823,0.049368,0.008793,0.249851,28.1896,27.8534,26.5,0.30842,0.1,0.12336,0.04,-55.4688,11.75387808487471,11.75387808487471,0.0,0.0,0.0,0.0,0.0,0.0,0.0,0.0,0.0,0.0,0.0,0.0,0.0,0.0,0.0,0.0,0.0,0.0,3.0,5.0,0.0,24.5,0.1035792582510976,1.3574727098300692,-0.0135722859462849,1.0,0.13941,174.0,0.0838347646779162
61,61.0,61.0,61.0,61.0,128.0,124878.0,78.0,0.0438061124809266,0.01,0.001,0.005376,0.01,0.001,0.005376,0.004,0.0004,0.006583,0.006583,0.169488,0.0,0.594495,0.032391,0.009727,0.153913,46.4557,69.6188,26.5,0.02752,0.1,0.011,0.04,-58.7443,6.950482942290082,6.950482942290082,0.0,0.0,0.0,0.0,0.0,0.0,0.0,0.0,0.0,0.0,0.0,0.0,0.0,0.0,0.0,0.0,0.0,0.0,3.0,5.0,6.48168e-314,23.0,0.3094382419944905,1.555894842891368,0.6155555149094158,2.0,0.7863410000000001,1249.0,0.1363390656939436
62,62.0,62.0,62.0,62.0,105.0,87511.0,11.0,0.068602113393834,0.01,0.001,0.007594,0.01,0.001,0.007594,0.004,0.0004,0.003433,0.003433,0.136756,0.0,0.745598,0.035816,0.009356,0.215105,38.6305,71.1699,26.5,0.21548,0.1,0.0862,0.04,-60.4902,9.649546198822875,9.649546198822875,0.0,0.0,0.0,0.0,0.0,0.0,0.0,0.0,0.0,0.0,0.0,0.0,0.0,0.0,0.0,0.0,0.0,0.0,3.0,5.0,4.24399e-314,20.5,0.1059950941046575,1.4697839229434122,-0.1948535898586151,1.0,0.296897,876.0,0.7189671490631966
63,63.0,63.0,63.0,63.0,62.0,55193.0,93.0,0.0574549347380487,0.01,0.001,0.00989,0.01,0.001,0.00989,0.004,0.0004,0.000484,0.000484,0.17112,0.0,0.435333,0.040368,0.005809,0.231387,35.1991,31.3488,26.5,0.20622,0.1,0.0825,0.04,-61.3484,14.113520846955705,14.113520846955705,0.0,0.0,0.0,0.0,0.0,0.0,0.0,0.0,0.0,0.0,0.0,0.0,0.0,0.0,0.0,0.0,0.0,0.0,3.0,5.0,6.47678e-314,23.5,0.1706295830980593,1.606014226894893,0.422252460729568,2.0,0.231447,552.0,0.0132417492355489
64,64.0,64.0,64.0,64.0,57.0,42382.0,82.0,0.0344522303517238,0.01,0.001,0.007184,0.01,0.001,0.007184,0.004,0.0004,0.005783,0.005783,0.103418,0.0,0.655649,0.037641,0.006003,0.193985,32.3078,38.254,26.5,0.21252,0.1,0.085,0.04,-58.3094,8.001946609358304,8.001946609358304,0.0,0.0,0.0,0.0,0.0,0.0,0.0,0.0,0.0,0.0,0.0,0.0,0.0,0.0,0.0,0.0,0.0,0.0,3.0,5.0,6.43609e-314,23.0,0.1472252287223521,1.5398161252864535,-0.093438357472583,3.0,0.542593,424.0,0.2727522749431366
65,65.0,65.0,65.0,65.0,173.0,97522.0,22.0,0.05782509608077,0.01,0.001,0.009418,0.01,0.001,0.009418,0.004,0.0004,0.000966,0.000966,0.139778,0.0,0.632139,0.022363,0.006718,0.175432,37.5578,60.8301,26.5,0.16852,0.1,0.0674,0.04,-58.9984,13.193662396470158,13.193662396470158,0.0,0.0,0.0,0.0,0.0,0.0,0.0,0.0,0.0,0.0,0.0,0.0,0.0,0.0,0.0,0.0,0.0,0.0,3.0,5.0,6.43661e-314,29.0,0.2391638606107662,2.043736652343504,0.4819594231784854,2.0,0.686975,976.0,0.6997135356217953
66,66.0,66.0,66.0,66.0,116.0,88739.0,39.0,0.0336485907700722,0.01,0.001,0.009722,0.01,0.001,0.009722,0.004,0.0004,0.00043,0.00043,0.107315,0.0,0.994288,0.015185,0.006955,0.220994,22.6642,50.5146,26.5,0.17572,0.1,0.0703,0.04,-57.5609,14.202135897708136,14.202135897708136,0.0,0.0,0.0,0.0,0.0,0.0,0.0,0.0,0.0,0.0,0.0,0.0,0.0,0.0,0.0,0.0,0.0,0.0,3.0,5.0,6.41383e-314,27.5,0.2910103802419589,2.1657042391067858,0.5813622478856836,1.0,0.328337,888.0,0.9496670296811116
67,67.0,67.0,67.0,67.0,208.0,84325.0,25.0,0.0713261508647006,0.01,0.001,0.001886,0.01,0.001,0.001886,0.004,0.0004,0.004574,0.004574,0.113012,0.0,0.877537,0.044425,0.006709,0.186506,45.7273,70.4881,26.5,0.27868,0.1,0.11148,0.04,-55.991,5.67272915384508,5.67272915384508,0.0,0.0,0.0,0.0,0.0,0.0,0.0,0.0,0.0,0.0,0.0,0.0,0.0,0.0,0.0,0.0,0.0,0.0,3.0,5.0,4.26331e-314,26.5,0.1866189557998115,1.7388613415250598,0.0801950282348991,1.0,0.351811,844.0,0.0199308644503252
68,68.0,68.0,68.0,68.0,10.0,54488.0,88.0,0.0747593036980611,0.01,0.001,0.005792,0.01,0.001,0.005792,0.004,0.0004,0.003056,0.003056,0.102882,0.0,0.743812,0.031797,0.007895,0.229657,53.4148,53.5411,26.5,0.02288,0.1,0.00916,0.04,-56.444,9.198437710208761,9.198437710208761,0.0,0.0,0.0,0.0,0.0,0.0,0.0,0.0,0.0,0.0,0.0,0.0,0.0,0.0,0.0,0.0,0.0,0.0,3.0,5.0,6.40835e-314,27.0,0.1835760483631612,2.6337356897109894,0.5147396170779089,3.0,0.441096,545.0,0.0852800935050192
69,69.0,69.0,69.0,69.0,230.0,19032.0,32.0,0.056350912433384,0.01,0.001,0.01161,0.01,0.001,0.01161,0.004,0.0004,0.004999,0.004999,0.166878,0.0,1.10455,0.030617,0.009014,0.14535,40.275,86.7534,26.5,0.01214,0.1,0.00486,0.04,-55.9748,9.79148469135688,9.79148469135688,0.0,0.0,0.0,0.0,0.0,0.0,0.0,0.0,0.0,0.0,0.0,0.0,0.0,0.0,0.0,0.0,0.0,0.0,3.0,5.0,4.11e-321,30.0,0.0831276736911682,2.156667791722867,0.078459133085241,3.0,0.32051,191.0,0.0757058316632592
70,70.0,70.0,70.0,70.0,211.0,61711.0,11.0,0.043317192746615,0.01,0.001,0.008582,0.01,0.001,0.008582,0.004,0.0004,0.002082,0.002082,0.074846,0.0,0.45652,0.039964,0.000834,0.256725,46.8629,32.5446,26.5,0.26778,0.1,0.1071199999999999,0.04,-57.2308,11.383666051177098,11.383666051177098,0.0,0.0,0.0,0.0,0.0,0.0,0.0,0.0,0.0,0.0,0.0,0.0,0.0,0.0,0.0,0.0,0.0,0.0,3.0,5.0,4.26057e-314,26.5,0.246789039136645,1.428812675165071,0.8387447792708133,2.0,0.550327,618.0,0.0844701495898532
71,71.0,71.0,71.0,71.0,247.0,19494.0,94.0,0.0320016542085111,0.01,0.001,0.010466,0.01,0.001,0.010466,0.004,0.0004,0.001312,0.001312,0.110924,0.0,1.002,0.028103,0.006163,0.176766,32.7106,50.2881,26.5,0.02066,0.1,0.00826,0.04,-54.7026,12.84701662265128,12.84701662265128,0.0,0.0,0.0,0.0,0.0,0.0,0.0,0.0,0.0,0.0,0.0,0.0,0.0,0.0,0.0,0.0,0.0,0.0,3.0,5.0,6.40323e-314,30.0,0.1474671403596782,2.2094224306467902,0.2321378300294822,1.0,0.106308,195.0,0.0506694091133125
72,72.0,72.0,72.0,72.0,244.0,64254.0,54.0,0.0815267134006334,0.01,0.001,0.004838,0.01,0.001,0.004838,0.004,0.0004,0.004405,0.004405,0.108543,0.0,0.65622,0.037975,0.005481,0.308398,31.2118,57.0492,26.5,0.01916,0.1,0.00766,0.04,-59.6363,7.675118488975147,7.675118488975147,0.0,0.0,0.0,0.0,0.0,0.0,0.0,0.0,0.0,0.0,0.0,0.0,0.0,0.0,0.0,0.0,0.0,0.0,3.0,5.0,6.44833e-314,29.5,0.0988989242895992,1.7662774145453493,0.0856113277437146,3.0,0.7383299999999999,643.0,1.5489918855033085
73,73.0,73.0,73.0,73.0,133.0,16929.0,29.0,0.0511405888481704,0.01,0.001,0.006406,0.01,0.001,0.006406,0.004,0.0004,0.00581,0.00581,0.150022,0.0,0.826401,0.048194,0.005129,0.206697,42.8819,25.4254,26.5,0.24142,0.1,0.0965599999999999,0.04,-58.1414,7.685241410692607,7.685241410692607,0.0,0.0,0.0,0.0,0.0,0.0,0.0,0.0,0.0,0.0,0.0,0.0,0.0,0.0,0.0,0.0,0.0,0.0,3.0,5.0,6.43667e-314,32.0,0.1451101826034929,2.027685076413781,0.1666253883008864,1.0,0.09208,170.0,0.6370641599813553
74,74.0,74.0,74.0,74.0,140.0,50749.0,49.0,0.0261258569947389,0.01,0.001,0.001974,0.01,0.001,0.001974,0.004,0.0004,0.002959,0.002959,0.146239,0.0,0.396148,0.027222,0.006024,0.213916,50.1423,36.0498,26.5,0.22372,0.1,0.0894799999999999,0.04,-59.2791,6.513386561158729,6.513386561158729,0.0,0.0,0.0,0.0,0.0,0.0,0.0,0.0,0.0,0.0,0.0,0.0,0.0,0.0,0.0,0.0,0.0,0.0,3.0,5.0,6.48367e-314,30.5,0.075125769748273,2.430653929119346,-0.2180697552360681,2.0,0.482802,508.0,0.0793453743626088
75,75.0,75.0,75.0,75.0,249.0,8791.0,91.0,0.0563311681406031,0.01,0.001,0.009506,0.01,0.001,0.009506,0.004,0.0004,0.004302,0.004302,0.116278,0.0,0.818118,0.034941,0.005877,0.214867,46.6266,56.8974,26.5,0.1958,0.1,0.07832,0.04,-58.1447,9.646392976207354,9.646392976207354,0.0,0.0,0.0,0.0,0.0,0.0,0.0,0.0,0.0,0.0,0.0,0.0,0.0,0.0,0.0,0.0,0.0,0.0,3.0,5.0,4.26367e-314,31.0,0.0952678970825941,2.2702566009648293,-0.3599925656607902,1.0,0.082555,88.0,0.5355910607726166
76,76.0,76.0,76.0,76.0,31.0,28330.0,30.0,0.0424068660946157,0.01,0.001,0.00957,0.01,0.001,0.00957,0.004,0.0004,0.005906,0.005906,0.132607,0.0,0.48462,0.031715,0.003074,0.170631,39.488,68.2982,26.5,0.15284,0.1,0.06114,0.04,-59.253,8.744858240955178,8.744858240955178,0.0,0.0,0.0,0.0,0.0,0.0,0.0,0.0,0.0,0.0,0.0,0.0,0.0,0.0,0.0,0.0,0.0,0.0,3.0,5.0,6.40968e-314,33.0,0.0616010553511904,1.7216693344710612,0.0311283107398128,3.0,0.371271,284.0,0.3241318187960151
77,77.0,77.0,77.0,77.0,205.0,121032.0,32.0,0.0681936986398259,0.01,0.001,0.00723,0.01,0.001,0.00723,0.004,0.0004,0.004365,0.004365,0.120098,0.0,1.22646,0.020249,0.008393,0.208448,45.699,57.0971,26.5,0.0102399999999999,0.1,0.0040999999999999,0.04,-58.6167,8.807941552480084,8.807941552480084,0.0,0.0,0.0,0.0,0.0,0.0,0.0,0.0,0.0,0.0,0.0,0.0,0.0,0.0,0.0,0.0,0.0,0.0,3.0,5.0,4.11e-321,30.5,0.2213258826437467,2.609907186267648,0.2769782658408919,3.0,1.128434,1211.0,0.2325026466536214
78,78.0,78.0,78.0,78.0,170.0,129322.0,22.0,0.0819676191613024,0.01,0.001,0.008952,0.01,0.001,0.008952,0.004,0.0004,0.003199,0.003199,0.164806,0.0,0.81262,0.031257,0.00352,0.146283,48.0722,14.7477,26.5,0.20306,0.1,0.08122,0.04,-57.6224,10.329082956793505,10.329082956793505,0.0,0.0,0.0,0.0,0.0,0.0,0.0,0.0,0.0,0.0,0.0,0.0,0.0,0.0,0.0,0.0,0.0,0.0,3.0,5.0,6.4397e-314,33.0,0.2392572345372156,1.7880061439552613,0.5703740513712177,1.0,0.477559,1294.0,0.479386190081753
79,79.0,79.0,79.0,79.0,158.0,9189.0,89.0,0.0476984147069938,0.01,0.001,0.006708,0.01,0.001,0.006708,0.004,0.0004,0.003434,0.003434,0.120139,0.0,1.16433,0.024393,0.007597,0.213285,27.5197,63.0301,26.5,0.16166,0.1,0.06466,0.04,-58.9148,9.286500054392524,9.286500054392524,0.0,0.0,0.0,0.0,0.0,0.0,0.0,0.0,0.0,0.0,0.0,0.0,0.0,0.0,0.0,0.0,0.0,0.0,3.0,5.0,6.41057e-314,31.5,0.0651286277666253,2.2394668665972626,-0.3359121239067497,1.0,0.093176,92.0,0.7848984599183965
80,80.0,80.0,80.0,80.0,184.0,59439.0,39.0,0.0736651193409091,0.01,0.001,0.00197,0.01,0.001,0.00197,0.004,0.0004,0.000322,0.000322,0.141757,0.0,0.404357,0.070625,0.004126,0.331394,37.1422,19.0444,26.5,0.02722,0.1,0.01088,0.04,-59.0911,12.317555501136441,12.317555501136441,0.0,0.0,0.0,0.0,0.0,0.0,0.0,0.0,0.0,0.0,0.0,0.0,0.0,0.0,0.0,0.0,0.0,0.0,3.0,5.0,6.48381e-314,32.5,0.0685536210506779,1.786360669311127,-0.242806862930911,4.0,0.865813,595.0,0.8969086100815372
81,81.0,81.0,81.0,81.0,79.0,20578.0,78.0,0.0487728387099384,0.01,0.001,0.005604,0.01,0.001,0.005604,0.004,0.0004,0.001786,0.001786,0.130156,0.0,0.513414,0.032261,0.008408,0.211527,40.9378,29.8863,26.5,0.15976,0.1,0.0639,0.04,-54.6045,10.65165127452858,10.65165127452858,0.0,0.0,0.0,0.0,0.0,0.0,0.0,0.0,0.0,0.0,0.0,0.0,0.0,0.0,0.0,0.0,0.0,0.0,3.0,5.0,6.48101e-314,32.5,0.1368009224976859,2.4530725439727017,-0.0876444544208026,1.0,0.087791,206.0,0.5136713742257065
82,82.0,82.0,82.0,82.0,99.0,93708.0,8.0,0.0495293759959416,0.01,0.001,0.00428,0.01,0.001,0.00428,0.004,0.0004,0.000796,0.000796,0.140549,0.0,0.584407,0.024945,0.006876,0.206136,49.0341,44.5112,26.5,0.18304,0.1,0.07322,0.04,-57.4807,12.030683907323509,12.030683907323509,0.0,0.0,0.0,0.0,0.0,0.0,0.0,0.0,0.0,0.0,0.0,0.0,0.0,0.0,0.0,0.0,0.0,0.0,3.0,5.0,0.0,32.0,0.3154373125617935,2.395574695419638,0.8845138966676257,1.0,0.482783,938.0,0.7220315833329639
83,83.0,83.0,83.0,83.0,135.0,124666.0,66.0,0.0434680003884513,0.01,0.001,0.007678,0.01,0.001,0.007678,0.004,0.0004,0.002858,0.002858,0.104895,0.0,0.865339,0.022832,0.004763,0.267014,40.1763,74.4453,26.5,0.01268,0.1,0.00506,0.04,-57.4691,10.212482781082757,10.212482781082757,0.0,0.0,0.0,0.0,0.0,0.0,0.0,0.0,0.0,0.0,0.0,0.0,0.0,0.0,0.0,0.0,0.0,0.0,3.0,5.0,6.4742e-314,36.5,0.2500899003365778,2.8717071566649564,1.131318278086877,1.0,0.296571,1247.0,1.342910728805551
84,84.0,84.0,84.0,84.0,119.0,88466.0,66.0,0.0551801406081943,0.01,0.001,0.012118,0.01,0.001,0.012118,0.004,0.0004,0.00376,0.00376,0.164476,0.0,0.492293,0.063415,0.003637,0.233065,33.9976,32.4784,26.5,0.03324,0.1,0.0133,0.04,-55.2139,10.725968006146243,10.725968006146243,0.0,0.0,0.0,0.0,0.0,0.0,0.0,0.0,0.0,0.0,0.0,0.0,0.0,0.0,0.0,0.0,0.0,0.0,3.0,5.0,6.40561e-314,36.0,0.1802158988136002,3.503872718068504,0.4963085037336134,1.0,0.389319,885.0,0.9300363819758576
85,85.0,85.0,85.0,85.0,231.0,27175.0,75.0,0.0498320369906721,0.01,0.001,0.011304,0.01,0.001,0.011304,0.004,0.0004,0.002942,0.002942,0.116243,0.0,1.01201,0.018111,0.00715,0.264215,23.09,66.7523,26.5,0.09848,0.1,0.0394,0.04,-59.1184,11.200979358981002,11.200979358981002,0.0,0.0,0.0,0.0,0.0,0.0,0.0,0.0,0.0,0.0,0.0,0.0,0.0,0.0,0.0,0.0,0.0,0.0,3.0,5.0,6.43737e-314,37.0,0.0524330725941259,2.516877899643915,-0.3207876265405331,3.0,0.103284,272.0,2.047194506461751
86,86.0,86.0,86.0,86.0,21.0,25443.0,43.0,0.0604565983282072,0.01,0.001,0.001868,0.01,0.001,0.001868,0.004,0.0004,0.002781,0.002781,0.225372,0.0,0.442529,0.02834,0.00633,0.091962,48.5021,66.1755,26.5,0.00802,0.1,0.0032,0.04,-55.4764,6.52737537823054,6.52737537823054,0.0,0.0,0.0,0.0,0.0,0.0,0.0,0.0,0.0,0.0,0.0,0.0,0.0,0.0,0.0,0.0,0.0,0.0,3.0,5.0,0.0,38.5,0.083824713697274,1.83541645798687,0.2693474609161878,1.0,0.094269,255.0,0.1099918947720538
87,87.0,87.0,87.0,87.0,43.0,22936.0,36.0,0.0802317017058301,0.01,0.001,0.002616,0.01,0.001,0.002616,0.004,0.0004,0.002118,0.002118,0.119885,0.0,0.603754,0.026203,0.003391,0.245675,31.5839,71.6209,26.5,0.0955,0.1,0.0382,0.04,-56.1499,7.986376448222537,7.986376448222537,0.0,0.0,0.0,0.0,0.0,0.0,0.0,0.0,0.0,0.0,0.0,0.0,0.0,0.0,0.0,0.0,0.0,0.0,3.0,5.0,6.41236e-314,42.5,0.1352538554336306,2.8250276579076496,-0.2892408794346428,1.0,0.080172,230.0,0.9321730053842482
88,88.0,88.0,88.0,88.0,32.0,118040.0,40.0,0.0373986819174127,0.01,0.001,0.002356,0.01,0.001,0.002356,0.004,0.0004,0.008546,0.008546,0.12408,0.0,0.385039,0.01836,0.002122,0.261265,54.5383,61.9532,26.5,0.01906,0.1,0.00762,0.04,-58.0207,5.168462827355577,5.168462827355577,0.0,0.0,0.0,0.0,0.0,0.0,0.0,0.0,0.0,0.0,0.0,0.0,0.0,0.0,0.0,0.0,0.0,0.0,3.0,5.0,6.44043e-314,41.5,0.1824617230482969,3.010667342300574,0.3768542096945579,1.0,0.456195,1181.0,1.2794491236200032
89,89.0,89.0,89.0,89.0,98.0,30834.0,34.0,0.0260046239896039,0.01,0.001,0.009846,0.01,0.001,0.009846,0.004,0.0004,0.000387,0.000387,0.161999,0.0,0.533261,0.017662,0.006696,0.267969,48.4125,47.0551,26.5,0.0081,0.1,0.00324,0.04,-57.7648,14.296296615034748,14.296296615034748,0.0,0.0,0.0,0.0,0.0,0.0,0.0,0.0,0.0,0.0,0.0,0.0,0.0,0.0,0.0,0.0,0.0,0.0,3.0,5.0,6.47436e-314,43.5,0.0595513429711684,3.1161714535005176,-0.2500089866592993,3.0,0.326999,309.0,1.593704645053729
90,90.0,90.0,90.0,90.0,29.0,30834.0,34.0,0.0421936549431473,0.01,0.001,0.013454,0.01,0.001,0.013454,0.004,0.0004,0.004226,0.004226,0.161999,0.0,0.533261,0.017662,0.006696,0.267969,48.4125,47.0551,26.5,0.0081,0.1,0.00324,0.04,-57.7648,10.692012912692286,10.692012912692286,0.0,0.0,0.0,0.0,0.0,0.0,0.0,0.0,0.0,0.0,0.0,0.0,0.0,0.0,0.0,0.0,0.0,0.0,3.0,5.0,6.47436e-314,43.5,0.0595513429711684,3.1161714535005176,-0.2500089866592993,3.0,0.326999,309.0,1.8548814497667747
91,91.0,91.0,91.0,91.0,213.0,95852.0,52.0,0.0621947537380093,0.01,0.001,0.005914,0.01,0.001,0.005914,0.004,0.0004,0.003257,0.003257,0.14785,0.0,1.42988,0.011452,0.003936,0.176148,60.2873,48.6699,26.5,0.00834,0.1,0.00334,0.04,-57.8802,9.073746456001636,9.073746456001636,0.0,0.0,0.0,0.0,0.0,0.0,0.0,0.0,0.0,0.0,0.0,0.0,0.0,0.0,0.0,0.0,0.0,0.0,3.0,5.0,6.4145e-314,40.5,0.2238928835907213,3.292203562395338,0.6560812727279477,2.0,0.491775,959.0,0.8738708289591678
92,92.0,92.0,92.0,92.0,7.0,30834.0,34.0,0.0559711390383723,0.01,0.001,0.002542,0.01,0.001,0.002542,0.004,0.0004,0.000878,0.000878,0.161999,0.0,0.533261,0.017662,0.006696,0.267969,48.4125,47.0551,26.5,0.0081,0.1,0.00324,0.04,-57.7648,10.425705310156408,10.425705310156408,0.0,0.0,0.0,0.0,0.0,0.0,0.0,0.0,0.0,0.0,0.0,0.0,0.0,0.0,0.0,0.0,0.0,0.0,3.0,5.0,6.47436e-314,43.5,0.0595513429711684,3.1161714535005176,-0.2500089866592993,3.0,0.326999,309.0,3.974983415489596
93,93.0,93.0,93.0,93.0,74.0,28050.0,50.0,0.0556241176618624,0.01,0.001,0.00161,0.01,0.001,0.00161,0.004,0.0004,0.002301,0.002301,0.131007,0.0,0.505387,0.003971,0.003638,0.236606,35.9801,84.8582,26.5,0.02794,0.1,0.01118,0.04,-57.2207,6.611985270027169,6.611985270027169,0.0,0.0,0.0,0.0,0.0,0.0,0.0,0.0,0.0,0.0,0.0,0.0,0.0,0.0,0.0,0.0,0.0,0.0,3.0,5.0,4.28503e-314,47.0,0.064768454020247,3.3994582458594382,0.1019253771532071,4.0,0.386341,281.0,1.511057950124905
94,94.0,94.0,94.0,94.0,90.0,26557.0,57.0,0.0438652958057121,0.01,0.001,0.017126,0.01,0.001,0.017126,0.004,0.0004,0.001556,0.001556,0.136304,0.0,0.964616,0.03144,0.004968,0.269923,35.8184,61.2872,26.5,0.1946,0.1,0.07784,0.04,-59.5553,13.381476672450377,13.381476672450377,0.0,0.0,0.0,0.0,0.0,0.0,0.0,0.0,0.0,0.0,0.0,0.0,0.0,0.0,0.0,0.0,0.0,0.0,3.0,5.0,4.28043e-314,45.5,0.0764520898172316,2.5839193155513924,-0.0550796307158637,1.0,0.080251,266.0,2.47751886016822
95,95.0,95.0,95.0,95.0,39.0,61033.0,33.0,0.0625595993724971,0.01,0.001,0.006752,0.01,0.001,0.006752,0.004,0.0004,0.006433,0.006433,0.175556,0.0,0.670649,0.028634,0.008212,0.289875,35.9476,85.1163,26.5,0.02952,0.1,0.01182,0.04,-55.0532,7.558237905543595,7.558237905543595,0.0,0.0,0.0,0.0,0.0,0.0,0.0,0.0,0.0,0.0,0.0,0.0,0.0,0.0,0.0,0.0,0.0,0.0,3.0,5.0,6.47963e-314,51.0,0.0478350131887942,4.170507715602191,-0.1916858745625423,1.0,0.089422,611.0,0.0774027578475705
96,96.0,96.0,96.0,96.0,238.0,26520.0,20.0,0.0560949977313119,0.01,0.001,0.005816,0.01,0.001,0.005816,0.004,0.0004,0.00974,0.00974,0.138024,0.0,0.636181,0.024759,0.003806,0.300513,47.771,32.9172,26.5,0.19738,0.1,0.07896,0.04,-58.2612,6.294936803001899,6.294936803001899,0.0,0.0,0.0,0.0,0.0,0.0,0.0,0.0,0.0,0.0,0.0,0.0,0.0,0.0,0.0,0.0,0.0,0.0,3.0,5.0,6.47098e-314,53.5,0.0689942432579516,3.18614377365514,-0.113292180104619,1.0,0.053291,266.0,10.302219548349134
97,97.0,97.0,97.0,97.0,103.0,59288.0,88.0,0.0141000155343982,0.01,0.001,0.000868,0.01,0.001,0.000868,0.004,0.0004,0.002197,0.002197,0.153837,0.0,0.792337,0.03906,0.001713,0.261304,48.1723,38.9807,26.5,0.01664,0.1,0.00666,0.04,-56.4593,5.611181327705994,5.611181327705994,0.0,0.0,0.0,0.0,0.0,0.0,0.0,0.0,0.0,0.0,0.0,0.0,0.0,0.0,0.0,0.0,0.0,0.0,3.0,5.0,6.4722e-314,56.0,0.0569602269311784,3.7518484206960734,-0.1031413131766401,2.0,0.415612,593.0,6.14310629514372
98,98.0,98.0,98.0,98.0,163.0,29282.0,82.0,0.049093996455968,0.01,0.001,0.017366,0.01,0.001,0.017366,0.004,0.0004,0.003642,0.003642,0.131414,0.0,0.907811,0.029565,0.008505,0.146514,40.2116,29.4384,26.5,0.01262,0.1,0.00504,0.04,-58.2404,11.747289338397206,11.747289338397206,0.0,0.0,0.0,0.0,0.0,0.0,0.0,0.0,0.0,0.0,0.0,0.0,0.0,0.0,0.0,0.0,0.0,0.0,3.0,5.0,6.47529e-314,17.0,0.1613452548061742,0.6255045953442887,0.3054190898036529,2.0,0.207413,293.0,0.2510448104607579
99,99.0,99.0,99.0,99.0,22.0,80283.0,83.0,0.0345238073814935,0.01,0.001,0.006954,0.01,0.001,0.006954,0.004,0.0004,0.001078,0.001078,0.144083,0.0,0.662309,0.036186,0.005064,0.17455,37.8154,40.3374,26.5,0.02062,0.1,0.00826,0.04,-58.2338,12.429755458069936,12.429755458069936,0.0,0.0,0.0,0.0,0.0,0.0,0.0,0.0,0.0,0.0,0.0,0.0,0.0,0.0,0.0,0.0,0.0,0.0,3.0,5.0,6.44384e-314,28.0,0.0727760269338087,2.9466447277979606,-0.2694938245544296,1.0,0.227216,803.0,0.1386204652642644
