,Unnamed: 0.8,Unnamed: 0.7,Unnamed: 0.6,Unnamed: 0.5,Unnamed: 0.4,Unnamed: 0.3,Unnamed: 0.2,Unnamed: 0.1,Unnamed: 0,gTON_STN_MEAN_nS_pF,gTON_STN_SIGMA,gTON_STN_THETA,gTON_CL_S_MEAN_nS_pF,gTON_CL_S_SIGMA,gTON_CL_S_THETA,gTON_CL_D_MEAN_nS_pF,gTON_CL_D_SIGMA,gTON_CL_D_THETA,gKCC2_S_nS_pF,gKCC2_D_nS_pF,gTRPC3_nS_pF,gHCN_nS_pF,gCA_nS_pF,gL_nS_pF,gSK_nS_pF,gNAP_nS_pF,gNAF_nS_pF,gKDR_nS_pF,gSD_nS,soma_noise_intensity,soma_noise_intensity_theta,dend_noise_intensity,dend_noise_intensity_theta,Eleak_mV,CL_in_S,CL_in_D,Iapp,Iapp_dend,gpe_stim,gpe_stim_freqs,gpe_poisson,W_gpe,gpe_start_time,gpe_base_length,gpe_stim_length,gpe_post_length,str_stim,str_stim_freqs,str_poisson,W_str,str_start_time,str_base_length,str_stim_length,str_post_length,tausyn,tauexc,tausyn_dend,pre_exp_fr,pre_exp_cv,pre_exp_fr_zscore,pre_exp_cv_zscore,connections,total_weight,sim,rel_error
0,0.0,0.0,0.0,0.0,0.0,0.0,96.0,92307.0,7.0,0.0338214257321231,0.02,0.001,0.002641749,0.02,0.001,0.002641749,0.008,0.0004,0.00031878,0.00031878,0.05028276,0.0,1.06154,0.035062,0.008455,0.128097,39.7854,27.1872,26.5,0.77168,0.1,0.3086399999999998,0.04,-57.8084,12.91639174236815,12.91639174236815,0.0,0.0,0.0,0.0,0.0,0.0,0.0,0.0,0.0,0.0,0.0,0.0,0.0,0.0,0.0,0.0,0.0,0.0,3.0,5.0,0.0,4.0,0.1035066399256608,-0.3414357566149363,0.021572847003538,1.0,0.236075,924.0,0.0152651620365879
1,1.0,1.0,1.0,1.0,1.0,1.0,150.0,78859.0,59.0,0.030385044641867,0.02,0.001,0.001287495,0.02,0.001,0.001287495,0.008,0.0004,0.0003168,0.0003168,0.0623766,0.0,0.533496,0.03053,0.007169,0.115043,12.8204,60.4706,26.5,0.17536,0.1,0.07008,0.04,-55.5179,11.347228256357909,11.347228256357909,0.0,0.0,0.0,0.0,0.0,0.0,0.0,0.0,0.0,0.0,0.0,0.0,0.0,0.0,0.0,0.0,0.0,0.0,3.0,5.0,6.48281e-314,3.0,0.3560571026154536,-0.90280820983851,1.1003922868336986,2.0,0.651833,789.0,0.0776641284698416
2,2.0,2.0,2.0,2.0,2.0,2.0,210.0,118476.0,76.0,0.0275137129495707,0.02,0.001,0.003822654,0.02,0.001,0.003822654,0.008,0.0004,0.00132,0.00132,0.03825492,0.0,0.675808,0.043778,0.00805,0.169077,19.2961,52.2104,26.5,0.16992,0.1,0.0679999999999998,0.04,-56.3618,10.426422635816591,10.426422635816591,0.0,0.0,0.0,0.0,0.0,0.0,0.0,0.0,0.0,0.0,0.0,0.0,0.0,0.0,0.0,0.0,0.0,0.0,3.0,5.0,6.40663e-314,4.5,0.3945991857359928,-0.5907453937081006,1.016948331832718,2.0,0.924156,1185.0,0.0424577275202442
3,3.0,3.0,3.0,3.0,3.0,3.0,120.0,103267.0,67.0,0.0278459119841442,0.02,0.001,0.002117214,0.02,0.001,0.002117214,0.008,0.0004,0.00200277,0.00200277,0.0607662,0.0,0.810504,0.043855,0.008438,0.192658,34.6124,54.8244,26.5,0.15536,0.1,0.06224,0.04,-58.3522,7.576584288701456,7.576584288701456,0.0,0.0,0.0,0.0,0.0,0.0,0.0,0.0,0.0,0.0,0.0,0.0,0.0,0.0,0.0,0.0,0.0,0.0,3.0,5.0,4.26895e-314,3.0,0.2462019474422914,-1.2643904176053913,0.5350486046522148,2.0,0.864421,1033.0,0.0570580155796216
4,4.0,4.0,4.0,4.0,4.0,4.0,108.0,40340.0,40.0,0.0747397696609725,0.02,0.001,0.000606441,0.02,0.001,0.000606441,0.008,0.0004,0.00026928,0.00026928,0.0641355,0.0,0.670463,0.05095,0.009722,0.164694,36.7917,51.0825,26.5,1.69968,0.1,0.67984,0.04,-58.5843,9.701842659252016,9.701842659252016,0.0,0.0,0.0,0.0,0.0,0.0,0.0,0.0,0.0,0.0,0.0,0.0,0.0,0.0,0.0,0.0,0.0,0.0,3.0,5.0,6.47676e-314,4.0,0.1255235477773912,-0.9693743240202708,-0.4991599899044349,3.0,0.678953,404.0,0.0031166807798857
5,5.0,5.0,5.0,5.0,5.0,5.0,234.0,133404.0,4.0,0.0368410487816295,0.02,0.001,0.001657194,0.02,0.001,0.001657194,0.008,0.0004,0.0030096,0.0030096,0.04825722,0.0,0.431631,0.05657,0.009046,0.201649,52.7922,43.0445,26.5,0.09472,0.1,0.0379199999999998,0.04,-57.4641,6.144717398850303,6.144717398850303,0.0,0.0,0.0,0.0,0.0,0.0,0.0,0.0,0.0,0.0,0.0,0.0,0.0,0.0,0.0,0.0,0.0,0.0,3.0,5.0,0.0,5.0,0.2721036955415562,-0.3899621993739819,0.826815183283352,2.0,0.7956460000000001,1335.0,0.0008177599215028
6,6.0,6.0,6.0,6.0,6.0,6.0,23.0,66110.0,10.0,0.0461577788344598,0.02,0.001,0.005516874,0.02,0.001,0.005516874,0.008,0.0004,0.00138831,0.00138831,0.06620988,0.0,1.19935,0.015899,0.010233,0.210238,29.0481,18.641,26.5,2.1704,0.1,0.86816,0.04,-56.5581,11.28903594345683,11.28903594345683,0.0,0.0,0.0,0.0,0.0,0.0,0.0,0.0,0.0,0.0,0.0,0.0,0.0,0.0,0.0,0.0,0.0,0.0,3.0,5.0,1e-323,3.5,0.0872836680596964,-0.5687580516638726,-0.2804324911293014,3.0,0.71033,662.0,0.0382155270387607
7,7.0,7.0,7.0,7.0,7.0,7.0,185.0,81528.0,28.0,0.0053935916999353,0.02,0.001,0.001805859,0.02,0.001,0.001805859,0.008,0.0004,0.00422433,0.00422433,0.0746592,0.0,0.548279,0.036129,0.009109,0.134614,32.0256,51.2327,26.5,1.63584,0.1,0.6544,0.04,-59.4177,5.72633139622159,5.72633139622159,0.0,0.0,0.0,0.0,0.0,0.0,0.0,0.0,0.0,0.0,0.0,0.0,0.0,0.0,0.0,0.0,0.0,0.0,3.0,5.0,4.82e-321,4.0,0.2502248238373493,-0.5753229731691537,0.6737822922654476,2.0,0.622449,816.0,0.0254303052102637
8,8.0,8.0,8.0,8.0,8.0,8.0,188.0,58164.0,64.0,0.0328118692957348,0.02,0.001,0.000874599,0.02,0.001,0.000874599,0.008,0.0004,0.00140547,0.00140547,0.04929078,0.0,0.636782,0.044076,0.010724,0.15529,50.4488,63.0627,26.5,1.22768,0.1,0.49104,0.04,-60.5303,6.3745078069952585,6.3745078069952585,0.0,0.0,0.0,0.0,0.0,0.0,0.0,0.0,0.0,0.0,0.0,0.0,0.0,0.0,0.0,0.0,0.0,0.0,3.0,5.0,3.14384e-319,3.0,0.1471589176676803,-0.7329459941620562,0.0061029771133743,2.0,0.090351,582.0,0.0240742555080489
9,9.0,9.0,9.0,9.0,9.0,9.0,15.0,103745.0,45.0,0.0451797985823317,0.02,0.001,0.000663102,0.02,0.001,0.000663102,0.008,0.0004,0.00255453,0.00255453,0.0681516,0.0,0.677797,0.039555,0.008847,0.149091,38.5793,40.4266,26.5,1.73888,0.1,0.69552,0.04,-57.1206,5.106528237796042,5.106528237796042,0.0,0.0,0.0,0.0,0.0,0.0,0.0,0.0,0.0,0.0,0.0,0.0,0.0,0.0,0.0,0.0,0.0,0.0,3.0,5.0,0.0,8.5,0.2896728434639072,0.0929826880266719,1.1388045429097051,1.0,0.40011,1038.0,0.007382733772461
10,10.0,10.0,10.0,10.0,10.0,10.0,151.0,75615.0,15.0,0.036371981586629,0.02,0.001,0.001451868,0.02,0.001,0.001451868,0.008,0.0004,0.0016071,0.0016071,0.08106714,0.0,0.51575,0.049081,0.008338,0.211983,43.2186,56.8005,26.5,0.18736,0.1,0.07504,0.04,-56.6847,7.186717021551353,7.186717021551353,0.0,0.0,0.0,0.0,0.0,0.0,0.0,0.0,0.0,0.0,0.0,0.0,0.0,0.0,0.0,0.0,0.0,0.0,3.0,5.0,0.0,9.0,0.3725361130790491,-0.1477942860075781,0.9943932815425996,3.0,0.872954,757.0,0.0084398847678001
11,11.0,11.0,11.0,11.0,11.0,11.0,82.0,102829.0,29.0,0.002163612944904,0.02,0.001,0.000720324,0.02,0.001,0.000720324,0.008,0.0004,0.00201036,0.00201036,0.05526048,0.0,0.74875,0.038174,0.008076,0.20181,44.032,46.6504,26.5,0.15472,0.1,0.0619199999999998,0.04,-57.1775,5.4779082485527,5.4779082485527,0.0,0.0,0.0,0.0,0.0,0.0,0.0,0.0,0.0,0.0,0.0,0.0,0.0,0.0,0.0,0.0,0.0,0.0,3.0,5.0,6.4009e-314,8.5,0.3493440392379997,0.0012781716040662,1.123857853601901,3.0,1.211377,1029.0,0.0070973463348527
12,12.0,12.0,12.0,12.0,12.0,12.0,193.0,19149.0,49.0,0.0198285797198783,0.02,0.001,0.002306832,0.02,0.001,0.002306832,0.008,0.0004,0.00095601,0.00095601,0.08453082,0.0,0.846194,0.031748,0.01435,0.236351,32.1249,56.4262,26.5,2.1968,0.1,0.87872,0.04,-57.784,9.902609294757948,9.902609294757948,0.0,0.0,0.0,0.0,0.0,0.0,0.0,0.0,0.0,0.0,0.0,0.0,0.0,0.0,0.0,0.0,0.0,0.0,3.0,5.0,6.41663e-314,9.0,0.3542399154597326,-0.0632888037083952,0.933455787648628,3.0,0.359607,192.0,0.0143051857809303
13,13.0,13.0,13.0,13.0,13.0,13.0,167.0,42252.0,52.0,0.0110763499686921,0.02,0.001,0.00255816,0.02,0.001,0.00255816,0.008,0.0004,0.00160314,0.00160314,0.07450806,0.0,0.732641,0.044424,0.00803,0.146116,44.1692,53.0108,26.5,0.15888,0.1,0.06352,0.04,-57.7285,8.700900881529591,8.700900881529591,0.0,0.0,0.0,0.0,0.0,0.0,0.0,0.0,0.0,0.0,0.0,0.0,0.0,0.0,0.0,0.0,0.0,0.0,3.0,5.0,6.41321e-314,8.5,0.494507504299548,-0.1418973249540882,1.3162429017963329,2.0,0.240822,423.0,0.0083864631114698
14,14.0,14.0,14.0,14.0,14.0,14.0,227.0,60156.0,56.0,0.0304224241354148,0.02,0.001,0.004154205,0.02,0.001,0.004154205,0.008,0.0004,0.00042207,0.00042207,0.09963426,0.0,0.570899,0.041789,0.009499,0.079895,50.0191,38.9132,26.5,1.2392,0.1,0.49568,0.04,-59.3904,13.208940684216179,13.208940684216179,0.0,0.0,0.0,0.0,0.0,0.0,0.0,0.0,0.0,0.0,0.0,0.0,0.0,0.0,0.0,0.0,0.0,0.0,3.0,5.0,6.41221e-314,7.5,0.5112738888052302,-0.1979918135255788,1.986303113612099,0.0,0.0,602.0,0.0112690673663411
15,15.0,15.0,15.0,15.0,15.0,15.0,97.0,102394.0,94.0,0.0366115243665358,0.02,0.001,0.002738241,0.02,0.001,0.002738241,0.008,0.0004,0.00027159,0.00027159,0.0740157,0.0,0.707563,0.03049,0.010409,0.17571,36.0426,54.3682,26.5,1.50624,0.1,0.60256,0.04,-60.7226,13.247246696515857,13.247246696515857,0.0,0.0,0.0,0.0,0.0,0.0,0.0,0.0,0.0,0.0,0.0,0.0,0.0,0.0,0.0,0.0,0.0,0.0,3.0,5.0,6.47327e-314,8.0,0.2531674228492009,-0.218622931393375,0.5495789551185586,1.0,0.375307,1024.0,0.0039239489357266
16,16.0,16.0,16.0,16.0,16.0,16.0,241.0,88926.0,26.0,0.0172545301483667,0.02,0.001,0.002407251,0.02,0.001,0.002407251,0.008,0.0004,0.00068706,0.00068706,0.04213374,0.0,0.470485,0.027191,0.009969,0.186572,47.0454,20.4499,26.5,1.52512,0.1,0.61008,0.04,-58.4085,10.954698443445418,10.954698443445418,0.0,0.0,0.0,0.0,0.0,0.0,0.0,0.0,0.0,0.0,0.0,0.0,0.0,0.0,0.0,0.0,0.0,0.0,3.0,5.0,4.11e-321,5.5,0.4658087204834373,-0.4470508676769117,1.5797431871171563,2.0,0.538683,890.0,0.0012526008217884
17,17.0,17.0,17.0,17.0,17.0,17.0,242.0,101264.0,64.0,0.0550312273465848,0.02,0.001,0.003397416,0.02,0.001,0.003397416,0.008,0.0004,0.00037851,0.00037851,0.06513078,0.0,0.710446,0.042193,0.009053,0.158258,31.4235,53.4951,26.5,0.1712,0.1,0.06848,0.04,-58.816,13.05631578292134,13.05631578292134,0.0,0.0,0.0,0.0,0.0,0.0,0.0,0.0,0.0,0.0,0.0,0.0,0.0,0.0,0.0,0.0,0.0,0.0,3.0,5.0,3.14384e-319,6.5,0.1179341149823996,-0.7103791575335612,-0.3601692531625181,1.0,0.354322,1013.0,0.0036510233765261
18,18.0,18.0,18.0,18.0,18.0,18.0,44.0,120838.0,38.0,0.0635195265820887,0.02,0.001,0.004301187,0.02,0.001,0.004301187,0.008,0.0004,0.00096954,0.00096954,0.0822261,0.0,1.14184,0.023016,0.009319,0.186819,29.6224,43.9336,26.5,0.19168,0.1,0.07664,0.04,-57.5248,11.569771073997718,11.569771073997718,0.0,0.0,0.0,0.0,0.0,0.0,0.0,0.0,0.0,0.0,0.0,0.0,0.0,0.0,0.0,0.0,0.0,0.0,3.0,5.0,4.27978e-314,13.0,0.2656944401746637,0.4747132992542164,0.6714451026462563,2.0,0.858376,1209.0,0.0233075898357955
19,19.0,19.0,19.0,19.0,19.0,19.0,59.0,110357.0,57.0,0.0602540732863712,0.02,0.001,0.003878754,0.02,0.001,0.003878754,0.008,0.0004,0.00207966,0.00207966,0.06115296,0.0,0.697925,0.024272,0.009788,0.18375,32.4448,32.8596,26.5,1.568,0.1,0.6272,0.04,-57.757,9.15166513270713,9.15166513270713,0.0,0.0,0.0,0.0,0.0,0.0,0.0,0.0,0.0,0.0,0.0,0.0,0.0,0.0,0.0,0.0,0.0,0.0,3.0,5.0,4.26391e-314,13.5,0.2518934281777235,0.7180236346487233,0.2727755679555085,1.0,0.449987,1104.0,0.0185065540179815
20,20.0,20.0,20.0,20.0,20.0,20.0,216.0,12499.0,99.0,0.0451966989097487,0.02,0.001,0.003970197,0.02,0.001,0.003970197,0.008,0.0004,0.00113817,0.00113817,0.05946468,0.0,0.738179,0.040877,0.00875,0.174312,43.957,30.5623,26.5,0.11344,0.1,0.04544,0.04,-56.1126,10.942712553295145,10.942712553295145,0.0,0.0,0.0,0.0,0.0,0.0,0.0,0.0,0.0,0.0,0.0,0.0,0.0,0.0,0.0,0.0,0.0,0.0,3.0,5.0,2.12725e-314,11.5,0.1682809982308427,0.3461069019321245,0.0153514841665969,1.0,0.115171,125.0,0.0807423050556524
21,21.0,21.0,21.0,21.0,21.0,21.0,141.0,24121.0,21.0,0.0387610112093695,0.02,0.001,0.002028015,0.02,0.001,0.002028015,0.008,0.0004,0.00144045,0.00144045,0.07371672,0.0,0.785676,0.037941,0.011605,0.242746,37.1989,36.0446,26.5,1.14208,0.1,0.4568,0.04,-56.0436,8.346436613432951,8.346436613432951,0.0,0.0,0.0,0.0,0.0,0.0,0.0,0.0,0.0,0.0,0.0,0.0,0.0,0.0,0.0,0.0,0.0,0.0,3.0,5.0,4.25267e-314,13.5,0.1086859170487177,0.337601707425912,-0.1698934610330177,1.0,0.059864,242.0,0.2015567140014074
22,22.0,22.0,22.0,22.0,22.0,22.0,237.0,44481.0,81.0,0.0232545799269577,0.02,0.001,0.000531267,0.02,0.001,0.000531267,0.008,0.0004,0.0002739,0.0002739,0.08315472,0.0,0.801517,0.037433,0.011333,0.164652,37.3136,48.2578,26.5,0.16016,0.1,0.064,0.04,-57.384,9.265866759799328,9.265866759799328,0.0,0.0,0.0,0.0,0.0,0.0,0.0,0.0,0.0,0.0,0.0,0.0,0.0,0.0,0.0,0.0,0.0,0.0,3.0,5.0,4.28315e-314,15.0,0.1286359399524383,0.5543494569256167,-0.0830401857068401,1.0,0.240077,445.0,0.2031112524401148
23,23.0,23.0,23.0,23.0,23.0,23.0,53.0,48753.0,53.0,0.0032892605266286,0.02,0.001,0.002015112,0.02,0.001,0.002015112,0.008,0.0004,0.00190839,0.00190839,0.07343424,0.0,0.852243,0.040624,0.009713,0.200049,35.7295,56.1758,26.5,2.01776,0.1,0.80704,0.04,-56.438,7.573626280762087,7.573626280762087,0.0,0.0,0.0,0.0,0.0,0.0,0.0,0.0,0.0,0.0,0.0,0.0,0.0,0.0,0.0,0.0,0.0,0.0,3.0,5.0,4.27795e-314,13.5,0.2462504730532058,0.9941600150440252,0.7465597095503389,1.0,0.233031,488.0,0.1349094102179775
24,24.0,24.0,24.0,24.0,24.0,24.0,28.0,76101.0,1.0,0.0458676592439911,0.02,0.001,0.001409793,0.02,0.001,0.001409793,0.008,0.0004,0.00206217,0.00206217,0.0919083,0.0,0.959344,0.03745,0.011965,0.176048,35.9093,46.1476,26.5,1.78784,0.1,0.7152,0.04,-58.5398,6.563649542600652,6.563649542600652,0.0,0.0,0.0,0.0,0.0,0.0,0.0,0.0,0.0,0.0,0.0,0.0,0.0,0.0,0.0,0.0,0.0,0.0,3.0,5.0,0.0,15.0,0.1151673104546604,0.7673168766386821,-0.6258785066599097,1.0,0.236578,762.0,0.0530191944756597
25,25.0,25.0,25.0,25.0,25.0,25.0,181.0,4182.0,82.0,0.0183885472775813,0.02,0.001,0.000636174,0.02,0.001,0.000636174,0.008,0.0004,0.00117249,0.00117249,0.05868588,0.0,0.70937,0.037866,0.008004,0.191805,39.1543,56.2533,26.5,1.8208,0.1,0.72832,0.04,-57.9234,6.118274684909474,6.118274684909474,0.0,0.0,0.0,0.0,0.0,0.0,0.0,0.0,0.0,0.0,0.0,0.0,0.0,0.0,0.0,0.0,0.0,0.0,3.0,5.0,6.47758e-314,10.5,0.176292471497847,0.5799926735248576,-0.2080246074023296,1.0,0.102979,42.0,0.0207079786065759
26,26.0,26.0,26.0,26.0,26.0,26.0,164.0,21758.0,58.0,0.056927753933466,0.02,0.001,0.00158202,0.02,0.001,0.00158202,0.008,0.0004,0.00065472,0.00065472,0.0593472,0.0,0.39715,0.029465,0.011572,0.167639,30.68,25.5915,26.5,1.44,0.1,0.576,0.04,-55.3313,9.906637481384495,9.906637481384495,0.0,0.0,0.0,0.0,0.0,0.0,0.0,0.0,0.0,0.0,0.0,0.0,0.0,0.0,0.0,0.0,0.0,0.0,3.0,5.0,6.44129e-314,12.5,0.1473167305482114,0.159284051568527,0.1393797118326423,1.0,0.065065,218.0,0.0847959576522426
27,27.0,27.0,27.0,27.0,27.0,27.0,154.0,78338.0,38.0,0.0170783979615001,0.02,0.001,0.002463912,0.02,0.001,0.002463912,0.008,0.0004,0.0003507899999999,0.0003507899999999,0.08299434,0.0,0.940776,0.048429,0.010012,0.17853,37.8195,45.6847,26.5,1.68304,0.1,0.67328,0.04,-58.1594,12.60324493692468,12.60324493692468,0.0,0.0,0.0,0.0,0.0,0.0,0.0,0.0,0.0,0.0,0.0,0.0,0.0,0.0,0.0,0.0,0.0,0.0,3.0,5.0,4.28057e-314,12.5,0.0584414759591098,0.4138199439413568,-0.9554411060123882,0.0,0.0,784.0,0.1349879172091372
28,28.0,28.0,28.0,28.0,28.0,28.0,147.0,15971.0,71.0,0.0123639529807592,0.02,0.001,0.003510177,0.02,0.001,0.003510177,0.008,0.0004,0.00097185,0.00097185,0.08595114,0.0,0.845157,0.039258,0.009076,0.160524,32.49,37.8645,26.5,1.96192,0.1,0.7847999999999998,0.04,-57.7729,11.036630325826723,11.036630325826723,0.0,0.0,0.0,0.0,0.0,0.0,0.0,0.0,0.0,0.0,0.0,0.0,0.0,0.0,0.0,0.0,0.0,0.0,3.0,5.0,4.26683e-314,13.5,0.1779471608211121,0.6892917961675734,-0.0043208840240037,1.0,0.109984,160.0,0.0582987287684869
29,29.0,29.0,29.0,29.0,29.0,29.0,117.0,43588.0,88.0,0.0083607974183056,0.02,0.001,0.001307691,0.02,0.001,0.001307691,0.008,0.0004,0.00292479,0.00292479,0.07082394,0.0,0.713701,0.031538,0.009261,0.168477,38.2209,67.9345,26.5,1.6270399999999998,0.1,0.6508799999999998,0.04,-58.4093,5.795001881620975,5.795001881620975,0.0,0.0,0.0,0.0,0.0,0.0,0.0,0.0,0.0,0.0,0.0,0.0,0.0,0.0,0.0,0.0,0.0,0.0,3.0,5.0,6.47618e-314,12.5,0.2725913473417835,0.4052866646416463,0.5846549612211338,3.0,0.484799,436.0,0.0081467649532005
30,30.0,30.0,30.0,30.0,30.0,30.0,100.0,51325.0,25.0,0.0572616913215574,0.02,0.001,0.000733788,0.02,0.001,0.000733788,0.008,0.0004,0.00069894,0.00069894,0.06421404,0.0,0.836457,0.035442,0.00818,0.234311,47.1377,34.9947,26.5,1.70784,0.1,0.6832,0.04,-57.4764,7.558895700595462,7.558895700595462,0.0,0.0,0.0,0.0,0.0,0.0,0.0,0.0,0.0,0.0,0.0,0.0,0.0,0.0,0.0,0.0,0.0,0.0,3.0,5.0,4.24871e-314,17.5,0.071393661661821,0.9273051512233712,-0.2150871085656453,2.0,0.359348,514.0,1.4638934538368948
31,31.0,31.0,31.0,31.0,31.0,31.0,64.0,111143.0,43.0,0.0542366769661382,0.02,0.001,0.001893936,0.02,0.001,0.001893936,0.008,0.0004,0.00212289,0.00212289,0.08946828,0.0,0.925473,0.0365,0.009581,0.188346,40.5837,50.866,26.5,1.54512,0.1,0.61808,0.04,-57.8781,7.156746733973474,7.156746733973474,0.0,0.0,0.0,0.0,0.0,0.0,0.0,0.0,0.0,0.0,0.0,0.0,0.0,0.0,0.0,0.0,0.0,0.0,3.0,5.0,0.0,17.0,0.2933701528645736,1.156987173353478,0.6452197602342306,3.0,1.17067,1112.0,0.0995130480478412
32,32.0,32.0,32.0,32.0,32.0,32.0,174.0,20838.0,38.0,0.0251409953465625,0.02,0.001,0.001409793,0.02,0.001,0.001409793,0.008,0.0004,0.00115962,0.00115962,0.0792363,0.0,0.488331,0.035333,0.005687,0.145345,42.9498,64.2633,26.5,0.2500799999999998,0.1,0.1,0.04,-56.3019,7.943737757777035,7.943737757777035,0.0,0.0,0.0,0.0,0.0,0.0,0.0,0.0,0.0,0.0,0.0,0.0,0.0,0.0,0.0,0.0,0.0,0.0,3.0,5.0,4.25246e-314,20.0,0.1050262684824146,1.0535514261330068,0.3048108901683382,1.0,0.117489,209.0,0.4910047883491287
33,33.0,33.0,33.0,33.0,33.0,33.0,136.0,110112.0,12.0,0.047635505333811,0.02,0.001,0.004267527,0.02,0.001,0.004267527,0.008,0.0004,0.00046332,0.00046332,0.0544005,0.0,0.792463,0.033469,0.007038,0.20253,30.4112,65.3785,26.5,2.15776,0.1,0.8632,0.04,-55.7178,13.100065990759667,13.100065990759667,0.0,0.0,0.0,0.0,0.0,0.0,0.0,0.0,0.0,0.0,0.0,0.0,0.0,0.0,0.0,0.0,0.0,0.0,3.0,5.0,4.24872e-314,16.0,0.1615070143926313,1.073567328717819,-0.4329091246901124,1.0,0.347311,1102.0,0.0782184371885927
34,34.0,34.0,34.0,34.0,34.0,34.0,6.0,133880.0,80.0,0.0020969191035512,0.02,0.001,0.004890237,0.02,0.001,0.004890237,0.008,0.0004,0.00079497,0.00079497,0.05340984,0.0,0.74922,0.040325,0.004993,0.209732,37.7276,66.9902,26.5,0.1638399999999998,0.1,0.06544,0.04,-57.7179,12.32925707734192,12.32925707734192,0.0,0.0,0.0,0.0,0.0,0.0,0.0,0.0,0.0,0.0,0.0,0.0,0.0,0.0,0.0,0.0,0.0,0.0,3.0,5.0,6.40895e-314,15.5,0.2106031978024833,1.0828414807602111,0.652516487392647,1.0,0.355689,1339.0,0.0356893106077791
35,35.0,35.0,35.0,35.0,35.0,35.0,153.0,11941.0,41.0,0.0445693000902121,0.02,0.001,0.002239512,0.02,0.001,0.002239512,0.008,0.0004,0.00085536,0.00085536,0.07987254,0.0,0.838432,0.045594,0.005488,0.161376,38.2499,51.8679,26.5,1.12,0.1,0.448,0.04,-56.6927,10.13854554149182,10.13854554149182,0.0,0.0,0.0,0.0,0.0,0.0,0.0,0.0,0.0,0.0,0.0,0.0,0.0,0.0,0.0,0.0,0.0,0.0,3.0,5.0,6.41353e-314,18.0,0.1816544079224633,1.6644621754098936,-0.0315568059334071,2.0,0.185615,120.0,0.1485121269402699
36,36.0,36.0,36.0,36.0,36.0,36.0,58.0,95750.0,50.0,0.0744524582463277,0.02,0.001,0.001040655,0.02,0.001,0.001040655,0.008,0.0004,0.00051975,0.00051975,0.09109122,0.0,0.390733,0.041416,0.013887,0.204617,45.5526,110.872,26.5,1.48848,0.1,0.59536,0.04,-56.2134,9.358536651484588,9.358536651484588,0.0,0.0,0.0,0.0,0.0,0.0,0.0,0.0,0.0,0.0,0.0,0.0,0.0,0.0,0.0,0.0,0.0,0.0,3.0,5.0,4.28302e-314,16.5,0.1419474178626409,0.6785160029886479,0.2346507782557349,1.0,0.342883,958.0,0.1789362305263595
37,37.0,37.0,37.0,37.0,37.0,37.0,106.0,99932.0,32.0,0.0492834491316068,0.02,0.001,0.003436686,0.02,0.001,0.003436686,0.008,0.0004,0.00032076,0.00032076,0.06148032,0.0,0.986125,0.034571,0.007958,0.163289,66.2249,46.8559,26.5,2.00944,0.1,0.80368,0.04,-56.2852,13.341171981545086,13.341171981545086,0.0,0.0,0.0,0.0,0.0,0.0,0.0,0.0,0.0,0.0,0.0,0.0,0.0,0.0,0.0,0.0,0.0,0.0,3.0,5.0,4.11e-321,15.5,0.0667752753141813,0.5552429848276906,-0.4034642824436762,2.0,0.342194,1000.0,0.5631404994654995
38,38.0,38.0,38.0,38.0,38.0,38.0,25.0,52061.0,61.0,0.0471706795102488,0.02,0.001,0.001709928,0.02,0.001,0.001709928,0.008,0.0004,0.00124905,0.00124905,0.0940896,0.0,0.703476,0.035929,0.012077,0.235237,48.4711,39.5731,26.5,0.17728,0.1,0.07088,0.04,-57.6756,8.268327910799036,8.268327910799036,0.0,0.0,0.0,0.0,0.0,0.0,0.0,0.0,0.0,0.0,0.0,0.0,0.0,0.0,0.0,0.0,0.0,0.0,3.0,5.0,4.24578e-314,17.5,0.1212918359806188,0.8355966076641852,-0.008591356566217,3.0,0.562552,521.0,0.0762843806492614
39,39.0,39.0,39.0,39.0,39.0,39.0,168.0,22510.0,10.0,0.0481499362824289,0.02,0.001,0.000525096,0.02,0.001,0.000525096,0.008,0.0004,0.00253242,0.00253242,0.0777183,0.0,0.784945,0.047659,0.004951,0.221608,42.3168,77.2786,26.5,1.93056,0.1,0.7723199999999998,0.04,-59.6367,4.90210814610488,4.90210814610488,0.0,0.0,0.0,0.0,0.0,0.0,0.0,0.0,0.0,0.0,0.0,0.0,0.0,0.0,0.0,0.0,0.0,0.0,3.0,5.0,1e-323,18.0,0.186832725330805,1.08509837977487,0.3470558812825028,3.0,0.276453,226.0,0.0102339257310967
40,40.0,40.0,40.0,40.0,40.0,40.0,73.0,39589.0,89.0,0.0678902290640778,0.02,0.001,0.000430848,0.02,0.001,0.000430848,0.008,0.0004,0.00100848,0.00100848,0.07910826,0.0,0.640606,0.043145,0.008728,0.179124,39.4158,61.6277,26.5,1.7416,0.1,0.69664,0.04,-56.4306,5.7253986994574815,5.7253986994574815,0.0,0.0,0.0,0.0,0.0,0.0,0.0,0.0,0.0,0.0,0.0,0.0,0.0,0.0,0.0,0.0,0.0,0.0,3.0,5.0,6.4836e-314,16.5,0.0348615106904905,3.1660549597670338,-1.12966557560905,0.0,0.0,396.0,0.069549981209136
41,41.0,41.0,41.0,41.0,41.0,41.0,196.0,29385.0,85.0,0.0192408208341817,0.02,0.001,0.000717519,0.02,0.001,0.000717519,0.008,0.0004,0.00042339,0.00042339,0.05845488,0.0,0.155552,0.063561,0.006196,0.307796,45.8005,30.1618,26.5,2.68096,0.1,1.07248,0.04,-58.2055,8.873886136789263,8.873886136789263,0.0,0.0,0.0,0.0,0.0,0.0,0.0,0.0,0.0,0.0,0.0,0.0,0.0,0.0,0.0,0.0,0.0,0.0,3.0,5.0,4.28613e-314,19.0,0.094734079824588,0.8547044989626471,0.0354665461053231,1.0,0.046283,294.0,0.1168733244910537
42,42.0,42.0,42.0,42.0,42.0,42.0,239.0,54171.0,71.0,0.0298166995522065,0.02,0.001,0.004321383,0.02,0.001,0.004321383,0.008,0.0004,0.00078738,0.00078738,0.05722398,0.0,0.757437,0.047023,0.008423,0.238566,37.1965,43.9126,26.5,0.62176,0.1,0.24864,0.04,-55.2576,12.077500287466197,12.077500287466197,0.0,0.0,0.0,0.0,0.0,0.0,0.0,0.0,0.0,0.0,0.0,0.0,0.0,0.0,0.0,0.0,0.0,0.0,3.0,5.0,4.25013e-314,17.0,0.2551930429600363,0.6842125529378563,0.3845225225913471,1.0,0.247097,542.0,0.0096527334420856
43,43.0,43.0,43.0,43.0,43.0,43.0,65.0,1637.0,37.0,0.0170960810727145,0.02,0.001,0.002756754,0.02,0.001,0.002756754,0.008,0.0004,0.00398739,0.00398739,0.06796614,0.0,0.775702,0.036539,0.007708,0.190411,37.6325,51.6385,26.5,0.17184,0.1,0.06864,0.04,-56.6463,6.586964380716452,6.586964380716452,0.0,0.0,0.0,0.0,0.0,0.0,0.0,0.0,0.0,0.0,0.0,0.0,0.0,0.0,0.0,0.0,0.0,0.0,3.0,5.0,6.44194e-314,20.0,0.0555996112502787,1.760447756732656,-0.6217116483870918,1.0,0.070577,17.0,0.5712402052849128
44,44.0,44.0,44.0,44.0,44.0,44.0,48.0,972.0,72.0,0.0639984508615163,0.02,0.001,0.003668379,0.02,0.001,0.003668379,0.008,0.0004,0.00163449,0.00163449,0.07844298,0.0,0.671788,0.039536,0.009775,0.159926,35.6932,45.2528,26.5,1.49776,0.1,0.59904,0.04,-55.5296,9.691822943910372,9.691822943910372,0.0,0.0,0.0,0.0,0.0,0.0,0.0,0.0,0.0,0.0,0.0,0.0,0.0,0.0,0.0,0.0,0.0,0.0,3.0,5.0,0.0,17.0,0.1445085339506019,1.4313599986629175,-0.5257292179711585,1.0,0.099615,10.0,0.1206927222962443
45,45.0,45.0,45.0,45.0,45.0,45.0,131.0,16262.0,62.0,0.026938838372391,0.02,0.001,0.003452394,0.02,0.001,0.003452394,0.008,0.0004,0.00028314,0.00028314,0.08552016,0.0,0.524557,0.039445,0.00746,0.180893,39.5662,58.3178,26.5,0.2319999999999998,0.1,0.0928,0.04,-59.2568,13.527882299583222,13.527882299583222,0.0,0.0,0.0,0.0,0.0,0.0,0.0,0.0,0.0,0.0,0.0,0.0,0.0,0.0,0.0,0.0,0.0,0.0,3.0,5.0,0.0,18.5,0.1166896498719792,1.3687815557299334,-0.1260427033785496,2.0,0.271155,163.0,0.3466776054350446
46,46.0,46.0,46.0,46.0,46.0,46.0,171.0,20647.0,47.0,0.0573841219511208,0.02,0.001,0.001624656,0.02,0.001,0.001624656,0.008,0.0004,0.00100848,0.00100848,0.0692472,0.0,0.719629,0.027924,0.007195,0.230775,32.3816,56.2013,26.5,0.17056,0.1,0.06816,0.04,-59.8866,8.728190751667814,8.728190751667814,0.0,0.0,0.0,0.0,0.0,0.0,0.0,0.0,0.0,0.0,0.0,0.0,0.0,0.0,0.0,0.0,0.0,0.0,3.0,5.0,4.26923e-314,19.0,0.1919142684581168,1.1211841945089875,0.19105343997319,2.0,0.18756,207.0,0.1174900469677548
47,47.0,47.0,47.0,47.0,47.0,47.0,87.0,92546.0,46.0,0.0178223381800077,0.02,0.001,0.001610631,0.02,0.001,0.001610631,0.008,0.0004,0.00128403,0.00128403,0.07475952,0.0,1.055,0.034956,0.008481,0.18164,32.3273,17.0538,26.5,2.52976,0.1,1.01184,0.04,-55.502,8.028198283495648,8.028198283495648,0.0,0.0,0.0,0.0,0.0,0.0,0.0,0.0,0.0,0.0,0.0,0.0,0.0,0.0,0.0,0.0,0.0,0.0,3.0,5.0,6.41132e-314,23.5,0.2407141385422043,1.126519650311608,1.0091428757405685,4.0,1.266268,926.0,0.1840227094955994
48,48.0,48.0,48.0,48.0,48.0,48.0,55.0,11886.0,86.0,0.0221079320224693,0.02,0.001,0.002125068,0.02,0.001,0.002125068,0.008,0.0004,0.00051117,0.00051117,0.07986132,0.0,0.861303,0.02983,0.007993,0.205287,27.8888,56.1018,26.5,0.15184,0.1,0.0608,0.04,-56.9198,11.405505210150157,11.405505210150157,0.0,0.0,0.0,0.0,0.0,0.0,0.0,0.0,0.0,0.0,0.0,0.0,0.0,0.0,0.0,0.0,0.0,0.0,3.0,5.0,6.43788e-314,24.5,0.1629387526526152,2.7846080381833844,-0.1124381561657548,3.0,0.331069,119.0,0.3723234168271805
49,49.0,49.0,49.0,49.0,49.0,49.0,8.0,55864.0,64.0,0.0336989880143445,0.02,0.001,0.002793219,0.02,0.001,0.002793219,0.008,0.0004,0.00033231,0.00033231,0.09090972,0.0,0.832509,0.046036,0.010998,0.233996,50.7487,26.948,26.5,0.108,0.1,0.0432,0.04,-57.7783,12.941787107248473,12.941787107248473,0.0,0.0,0.0,0.0,0.0,0.0,0.0,0.0,0.0,0.0,0.0,0.0,0.0,0.0,0.0,0.0,0.0,0.0,3.0,5.0,3.14384e-319,20.5,0.0922934771277733,1.5487585343183266,-0.3803883647754881,1.0,0.051684,559.0,0.0967982720735833
50,50.0,50.0,50.0,50.0,50.0,50.0,240.0,65085.0,85.0,0.0242437258052954,0.02,0.001,0.002774145,0.02,0.001,0.002774145,0.008,0.0004,0.00015972,0.00015972,0.0923769,0.0,0.469438,0.039782,0.007304,0.158764,37.1456,53.5085,26.5,0.212,0.1,0.0848,0.04,-56.4363,13.954513184986537,13.954513184986537,0.0,0.0,0.0,0.0,0.0,0.0,0.0,0.0,0.0,0.0,0.0,0.0,0.0,0.0,0.0,0.0,0.0,0.0,3.0,5.0,4.2481e-314,21.5,0.2722272051275883,1.047704028535145,0.8072356206235789,1.0,0.146926,651.0,0.0873895049172111
51,51.0,51.0,51.0,51.0,51.0,51.0,128.0,124878.0,78.0,0.0448460841637646,0.02,0.001,0.000523974,0.02,0.001,0.000523974,0.008,0.0004,0.00091773,0.00091773,0.11186208,0.0,0.594495,0.032391,0.009727,0.153913,46.4557,69.6188,26.5,0.22016,0.1,0.088,0.04,-58.7443,6.2108545118005685,6.2108545118005685,0.0,0.0,0.0,0.0,0.0,0.0,0.0,0.0,0.0,0.0,0.0,0.0,0.0,0.0,0.0,0.0,0.0,0.0,3.0,5.0,6.48168e-314,23.0,0.3094382419944905,1.555894842891368,0.6155555149094158,2.0,0.7863410000000001,1249.0,0.1363390656939436
52,52.0,52.0,52.0,52.0,52.0,52.0,68.0,25071.0,71.0,0.0135279499982801,0.02,0.001,0.001143318,0.02,0.001,0.001143318,0.008,0.0004,0.0024651,0.0024651,0.08001444,0.0,0.292935,0.042984,0.00681,0.248675,36.0381,50.1936,26.5,0.12176,0.1,0.04864,0.04,-59.0632,5.8528401757209405,5.8528401757209405,0.0,0.0,0.0,0.0,0.0,0.0,0.0,0.0,0.0,0.0,0.0,0.0,0.0,0.0,0.0,0.0,0.0,0.0,3.0,5.0,4.26177e-314,21.0,0.0843589825832732,1.4448266811142387,-0.1594567224895845,1.0,0.051963,251.0,0.2560936013768364
53,53.0,53.0,53.0,53.0,53.0,53.0,199.0,76472.0,72.0,0.0050802182226273,0.02,0.001,0.000465069,0.02,0.001,0.000465069,0.008,0.0004,0.00105006,0.00105006,0.08159382,0.0,0.68138,0.029827,0.009337,0.208128,24.2291,32.975,26.5,0.1721599999999998,0.1,0.0688,0.04,-58.4831,5.780334674817875,5.780334674817875,0.0,0.0,0.0,0.0,0.0,0.0,0.0,0.0,0.0,0.0,0.0,0.0,0.0,0.0,0.0,0.0,0.0,0.0,3.0,5.0,0.0,20.5,0.2376116391088348,1.4054594538133842,-0.0601634565206807,1.0,0.35441,765.0,0.118938336877483
54,54.0,54.0,54.0,54.0,54.0,54.0,229.0,42495.0,95.0,0.0091852818733815,0.02,0.001,0.000539682,0.02,0.001,0.000539682,0.008,0.0004,0.00088011,0.00088011,0.07030914,0.0,0.700664,0.046757,0.008013,0.234018,36.9777,57.7498,26.5,0.1516799999999998,0.1,0.06064,0.04,-57.0463,6.345913445424401,6.345913445424401,0.0,0.0,0.0,0.0,0.0,0.0,0.0,0.0,0.0,0.0,0.0,0.0,0.0,0.0,0.0,0.0,0.0,0.0,3.0,5.0,6.47938e-314,21.0,0.1330381136558349,1.5109175141030702,-0.3251509150289795,1.0,0.199903,425.0,0.1451200666466547
55,55.0,55.0,55.0,55.0,55.0,55.0,85.0,124199.0,99.0,0.0512755341305953,0.02,0.001,0.000553707,0.02,0.001,0.000553707,0.008,0.0004,0.00097647,0.00097647,0.07871094,0.0,0.714793,0.050899,0.006257,0.19332,34.1972,57.3209,26.5,1.02624,0.1,0.4104,0.04,-56.705,6.198229132824504,6.198229132824504,0.0,0.0,0.0,0.0,0.0,0.0,0.0,0.0,0.0,0.0,0.0,0.0,0.0,0.0,0.0,0.0,0.0,0.0,3.0,5.0,2.16073e-314,22.5,0.2570502370960266,1.6785701123194203,0.5292269699211475,1.0,0.206312,1242.0,0.3030575307532379
56,56.0,56.0,56.0,56.0,56.0,56.0,115.0,51217.0,17.0,0.0686863465766075,0.02,0.001,0.001084974,0.02,0.001,0.001084974,0.008,0.0004,0.00024618,0.00024618,0.08673588,0.0,0.474072,0.036197,0.013643,0.24902,44.0942,50.6271,26.5,0.1736,0.1,0.06944,0.04,-54.881,11.553330924338727,11.553330924338727,0.0,0.0,0.0,0.0,0.0,0.0,0.0,0.0,0.0,0.0,0.0,0.0,0.0,0.0,0.0,0.0,0.0,0.0,3.0,5.0,0.0,23.5,0.0860290507424543,1.4808446800429629,-0.182551040802524,1.0,0.094694,513.0,0.765405861579642
57,57.0,57.0,57.0,57.0,57.0,57.0,145.0,121863.0,63.0,0.076497955277255,0.02,0.001,0.002660262,0.02,0.001,0.002660262,0.008,0.0004,0.00111936,0.00111936,0.09183768,0.0,0.173453,0.016026,0.013074,0.21531,32.8033,42.4009,26.5,0.2352,0.1,0.09408,0.04,-57.1115,9.858484457647785,9.858484457647785,0.0,0.0,0.0,0.0,0.0,0.0,0.0,0.0,0.0,0.0,0.0,0.0,0.0,0.0,0.0,0.0,0.0,0.0,3.0,5.0,6.41624e-314,21.5,0.2796753797018735,1.752344949732385,0.9157010376050116,1.0,0.570156,1219.0,0.1035811201130173
58,58.0,58.0,58.0,58.0,58.0,58.0,215.0,79985.0,85.0,0.0369937994830373,0.02,0.001,0.0017548079999999,0.02,0.001,0.0017548079999999,0.008,0.0004,0.00104808,0.00104808,0.09458592,0.0,0.708161,0.048404,0.010053,0.232016,54.7636,52.0571,26.5,1.6424,0.1,0.65696,0.04,-55.5915,8.838977735191575,8.838977735191575,0.0,0.0,0.0,0.0,0.0,0.0,0.0,0.0,0.0,0.0,0.0,0.0,0.0,0.0,0.0,0.0,0.0,0.0,3.0,5.0,4.28417e-314,24.0,0.2834478688278812,2.8072082229554622,0.6108692930639612,2.0,0.68435,800.0,0.1650289320120719
59,59.0,59.0,59.0,59.0,59.0,59.0,57.0,42382.0,82.0,0.043059202982691,0.02,0.001,0.00146421,0.02,0.001,0.00146421,0.008,0.0004,0.00030822,0.00030822,0.06825588,0.0,0.655649,0.037641,0.006003,0.193985,32.3078,38.254,26.5,1.70016,0.1,0.68,0.04,-58.3094,11.738258525410764,11.738258525410764,0.0,0.0,0.0,0.0,0.0,0.0,0.0,0.0,0.0,0.0,0.0,0.0,0.0,0.0,0.0,0.0,0.0,0.0,3.0,5.0,6.43609e-314,23.0,0.1472252287223521,1.5398161252864535,-0.093438357472583,3.0,0.542593,424.0,0.2727522749431366
60,60.0,60.0,60.0,60.0,60.0,60.0,83.0,21315.0,15.0,0.1176302791771316,0.02,0.001,0.003170772,0.02,0.001,0.003170772,0.008,0.0004,0.00097086,0.00097086,0.0723096,0.0,0.648212,0.029583,0.004924,0.195508,34.9521,42.5006,26.5,2.088,0.1,0.8351999999999998,0.04,-58.9818,10.762643541031414,10.762643541031414,0.0,0.0,0.0,0.0,0.0,0.0,0.0,0.0,0.0,0.0,0.0,0.0,0.0,0.0,0.0,0.0,0.0,0.0,3.0,5.0,0.0,24.0,0.1720689016273245,1.7172847256870876,0.0430588727866305,4.0,0.519732,214.0,0.2819163349857607
61,61.0,61.0,61.0,61.0,61.0,61.0,177.0,119700.0,0.0,0.034938310801596,0.02,0.001,0.001101804,0.02,0.001,0.001101804,0.008,0.0004,0.00069564,0.00069564,0.09582342,0.0,0.737116,0.039815,0.010007,0.22361,36.4755,60.8161,26.5,1.80992,0.1,0.724,0.04,-58.2973,8.679583645378125,8.679583645378125,0.0,0.0,0.0,0.0,0.0,0.0,0.0,0.0,0.0,0.0,0.0,0.0,0.0,0.0,0.0,0.0,0.0,0.0,3.0,5.0,6.4691e-314,22.0,0.2942137465696605,1.276581441387966,1.0089290075115644,3.0,1.329068,1198.0,0.0253942215797151
62,62.0,62.0,62.0,62.0,62.0,62.0,105.0,87511.0,11.0,0.0671208276946068,0.02,0.001,0.001014849,0.02,0.001,0.001014849,0.008,0.0004,0.00035409,0.00035409,0.09025896,0.0,0.745598,0.035816,0.009356,0.215105,38.6305,71.1699,26.5,1.72384,0.1,0.6896,0.04,-60.4902,10.397036473413632,10.397036473413632,0.0,0.0,0.0,0.0,0.0,0.0,0.0,0.0,0.0,0.0,0.0,0.0,0.0,0.0,0.0,0.0,0.0,0.0,3.0,5.0,4.24399e-314,20.5,0.1059950941046575,1.4697839229434122,-0.1948535898586151,1.0,0.296897,876.0,0.7189671490631966
63,63.0,63.0,63.0,63.0,63.0,63.0,84.0,127005.0,5.0,0.0713102894505901,0.02,0.001,0.001982013,0.02,0.001,0.001982013,0.008,0.0004,0.00138435,0.00138435,0.08800968,0.0,0.186576,0.032667,0.01237,0.230148,44.0754,77.2903,26.5,0.0587199999999998,0.1,0.02352,0.04,-57.9234,8.393428746401206,8.393428746401206,0.0,0.0,0.0,0.0,0.0,0.0,0.0,0.0,0.0,0.0,0.0,0.0,0.0,0.0,0.0,0.0,0.0,0.0,3.0,5.0,0.0,22.0,0.132859906548268,1.0503925806471106,-0.0416977022472413,3.0,1.0374560000000002,1271.0,0.249125745212017
64,64.0,64.0,64.0,64.0,64.0,64.0,34.0,66402.0,2.0,0.0046668965735057,0.02,0.001,0.001095072,0.02,0.001,0.001095072,0.008,0.0004,0.00024585,0.00024585,0.13160796,0.0,0.697961,0.043449,0.004988,0.116859,47.9974,33.1802,26.5,0.1038399999999998,0.1,0.04144,0.04,-58.9593,11.579822604609395,11.579822604609395,0.0,0.0,0.0,0.0,0.0,0.0,0.0,0.0,0.0,0.0,0.0,0.0,0.0,0.0,0.0,0.0,0.0,0.0,3.0,5.0,0.0,24.0,0.1685231045542306,1.4327673761885136,0.2504689209474665,1.0,0.220953,665.0,0.3990539296554431
65,65.0,65.0,65.0,65.0,65.0,65.0,244.0,64254.0,54.0,0.0712951628077112,0.02,0.001,0.001735173,0.02,0.001,0.001735173,0.008,0.0004,0.00024123,0.00024123,0.07163838,0.0,0.65622,0.037975,0.005481,0.308398,31.2118,57.0492,26.5,0.15328,0.1,0.06128,0.04,-59.6363,12.65024723133979,12.65024723133979,0.0,0.0,0.0,0.0,0.0,0.0,0.0,0.0,0.0,0.0,0.0,0.0,0.0,0.0,0.0,0.0,0.0,0.0,3.0,5.0,6.44833e-314,29.5,0.0988989242895992,1.7662774145453493,0.0856113277437146,3.0,0.7383299999999999,643.0,1.5489918855033085
66,66.0,66.0,66.0,66.0,66.0,66.0,116.0,88739.0,39.0,0.0429832388743718,0.02,0.001,0.002351712,0.02,0.001,0.002351712,0.008,0.0004,0.00019833,0.00019833,0.0708279,0.0,0.994288,0.015185,0.006955,0.220994,22.6642,50.5146,26.5,1.40576,0.1,0.5624,0.04,-57.5609,13.489051972717652,13.489051972717652,0.0,0.0,0.0,0.0,0.0,0.0,0.0,0.0,0.0,0.0,0.0,0.0,0.0,0.0,0.0,0.0,0.0,0.0,3.0,5.0,6.41383e-314,27.5,0.2910103802419589,2.1657042391067858,0.5813622478856836,1.0,0.328337,888.0,0.9496670296811116
67,67.0,67.0,67.0,67.0,67.0,67.0,173.0,97522.0,22.0,0.0363607094500395,0.02,0.001,0.001641486,0.02,0.001,0.001641486,0.008,0.0004,0.00117084,0.00117084,0.09225348,0.0,0.632139,0.022363,0.006718,0.175432,37.5578,60.8301,26.5,1.34816,0.1,0.5392,0.04,-58.9984,8.334642413247751,8.334642413247751,0.0,0.0,0.0,0.0,0.0,0.0,0.0,0.0,0.0,0.0,0.0,0.0,0.0,0.0,0.0,0.0,0.0,0.0,3.0,5.0,6.43661e-314,29.0,0.2391638606107662,2.043736652343504,0.4819594231784854,2.0,0.686975,976.0,0.6997135356217953
68,68.0,68.0,68.0,68.0,68.0,68.0,13.0,84656.0,56.0,0.0132179489757862,0.02,0.001,0.001796883,0.02,0.001,0.001796883,0.008,0.0004,0.0019173,0.0019173,0.0706893,0.0,0.673192,0.034349,0.007232,0.236506,44.8273,53.3471,26.5,0.0704,0.1,0.0281599999999998,0.04,-57.8994,7.275458846185463,7.275458846185463,0.0,0.0,0.0,0.0,0.0,0.0,0.0,0.0,0.0,0.0,0.0,0.0,0.0,0.0,0.0,0.0,0.0,0.0,3.0,5.0,6.44903e-314,25.5,0.1776112049109187,1.229438922232962,0.283785196723573,2.0,0.836254,847.0,0.0570910498305433
69,69.0,69.0,69.0,69.0,69.0,69.0,144.0,25529.0,29.0,0.0430025143787401,0.02,0.001,0.002727021,0.02,0.001,0.002727021,0.008,0.0004,0.0001419,0.0001419,0.06081636,0.0,1.08173,0.030957,0.007221,0.228958,46.8924,83.0159,26.5,0.584,0.1,0.2335999999999998,0.04,-57.5428,14.055991471519285,14.055991471519285,0.0,0.0,0.0,0.0,0.0,0.0,0.0,0.0,0.0,0.0,0.0,0.0,0.0,0.0,0.0,0.0,0.0,0.0,3.0,5.0,6.47656e-314,28.0,0.0880402512654074,1.5691484671960785,0.1277730747399664,1.0,0.055982,256.0,0.6727515154309173
70,70.0,70.0,70.0,70.0,70.0,70.0,60.0,29894.0,94.0,0.0491255211961974,0.02,0.001,0.00117249,0.02,0.001,0.00117249,0.008,0.0004,0.00253671,0.00253671,0.07335042,0.0,0.779131,0.048774,0.005772,0.274654,46.0792,58.8911,26.5,0.15152,0.1,0.06064,0.04,-57.7263,5.847345989534752,5.847345989534752,0.0,0.0,0.0,0.0,0.0,0.0,0.0,0.0,0.0,0.0,0.0,0.0,0.0,0.0,0.0,0.0,0.0,0.0,3.0,5.0,6.47643e-314,25.5,0.08470739830517,1.622663993062019,0.1048035812466567,2.0,0.132384,299.0,0.7953408784918385
71,71.0,71.0,71.0,71.0,71.0,71.0,230.0,19032.0,32.0,0.0715486161302157,0.02,0.001,0.000777546,0.02,0.001,0.000777546,0.008,0.0004,0.00224466,0.00224466,0.11013948,0.0,1.10455,0.030617,0.009014,0.14535,40.275,86.7534,26.5,0.09712,0.1,0.03888,0.04,-55.9748,5.434166958993262,5.434166958993262,0.0,0.0,0.0,0.0,0.0,0.0,0.0,0.0,0.0,0.0,0.0,0.0,0.0,0.0,0.0,0.0,0.0,0.0,3.0,5.0,4.11e-321,30.0,0.0831276736911682,2.156667791722867,0.078459133085241,3.0,0.32051,191.0,0.0757058316632592
72,72.0,72.0,72.0,72.0,72.0,72.0,246.0,126447.0,47.0,0.0088395958437947,0.02,0.001,0.00120054,0.02,0.001,0.00120054,0.008,0.0004,0.00026268,0.00026268,0.08959434,0.0,1.23301,0.0209,0.005157,0.221316,40.2611,37.9809,26.5,0.22096,0.1,0.08832,0.04,-58.5018,11.643642075631245,11.643642075631245,0.0,0.0,0.0,0.0,0.0,0.0,0.0,0.0,0.0,0.0,0.0,0.0,0.0,0.0,0.0,0.0,0.0,0.0,3.0,5.0,4.26564e-314,30.0,0.2537604803081758,1.8984620361909623,0.358218378512841,2.0,0.791024,1265.0,0.3609436327544626
73,73.0,73.0,73.0,73.0,73.0,73.0,249.0,8791.0,91.0,0.0024681634677243,0.02,0.001,0.000733788,0.02,0.001,0.000733788,0.008,0.0004,0.00069894,0.00069894,0.07674348,0.0,0.818118,0.034941,0.005877,0.214867,46.6266,56.8974,26.5,1.5664,0.1,0.62656,0.04,-58.1447,7.558895700595462,7.558895700595462,0.0,0.0,0.0,0.0,0.0,0.0,0.0,0.0,0.0,0.0,0.0,0.0,0.0,0.0,0.0,0.0,0.0,0.0,3.0,5.0,4.26367e-314,31.0,0.0952678970825941,2.2702566009648293,-0.3599925656607902,1.0,0.082555,88.0,0.5355910607726166
74,74.0,74.0,74.0,74.0,74.0,74.0,75.0,93708.0,8.0,0.0449773110722632,0.02,0.001,0.001375011,0.02,0.001,0.001375011,0.008,0.0004,0.00040095,0.00040095,0.09276234,0.0,0.584407,0.024945,0.006876,0.206136,49.0341,44.5112,26.5,1.46432,0.1,0.58576,0.04,-57.4807,10.896489850352472,10.896489850352472,0.0,0.0,0.0,0.0,0.0,0.0,0.0,0.0,0.0,0.0,0.0,0.0,0.0,0.0,0.0,0.0,0.0,0.0,3.0,5.0,0.0,32.0,0.3154373125617935,2.395574695419638,0.8845138966676257,1.0,0.482783,938.0,0.7220315833329639
75,75.0,75.0,75.0,75.0,75.0,75.0,133.0,16929.0,29.0,0.0068905099654968,0.02,0.001,0.003399099,0.02,0.001,0.003399099,0.008,0.0004,0.0012408,0.0012408,0.09901452,0.0,0.826401,0.048194,0.005129,0.206697,42.8819,25.4254,26.5,1.93136,0.1,0.7724799999999998,0.04,-58.1414,10.26834960580206,10.26834960580206,0.0,0.0,0.0,0.0,0.0,0.0,0.0,0.0,0.0,0.0,0.0,0.0,0.0,0.0,0.0,0.0,0.0,0.0,3.0,5.0,6.43667e-314,32.0,0.1451101826034929,2.027685076413781,0.1666253883008864,1.0,0.09208,170.0,0.6370641599813553
76,76.0,76.0,76.0,76.0,76.0,76.0,194.0,99415.0,15.0,0.045850210025919,0.02,0.001,0.002913273,0.02,0.001,0.002913273,0.008,0.0004,0.00066528,0.00066528,0.08518818,0.0,0.726824,0.045847,0.003711,0.183075,56.2391,66.5151,26.5,0.1416,0.1,0.0566399999999998,0.04,-54.7356,11.537230423007315,11.537230423007315,0.0,0.0,0.0,0.0,0.0,0.0,0.0,0.0,0.0,0.0,0.0,0.0,0.0,0.0,0.0,0.0,0.0,0.0,3.0,5.0,0.0,32.0,0.2325673658268328,1.92399400262828,2.23208251074186,2.0,0.356736,995.0,0.2906389407158214
77,77.0,77.0,77.0,77.0,77.0,77.0,79.0,20578.0,78.0,0.0431465329992938,0.02,0.001,0.000523413,0.02,0.001,0.000523413,0.008,0.0004,0.00132726,0.00132726,0.08590296,0.0,0.513414,0.032261,0.008408,0.211527,40.9378,29.8863,26.5,1.27808,0.1,0.5112,0.04,-54.6045,5.608569404020639,5.608569404020639,0.0,0.0,0.0,0.0,0.0,0.0,0.0,0.0,0.0,0.0,0.0,0.0,0.0,0.0,0.0,0.0,0.0,0.0,3.0,5.0,6.48101e-314,32.5,0.1368009224976859,2.4530725439727017,-0.0876444544208026,1.0,0.087791,206.0,0.5136713742257065
78,78.0,78.0,78.0,78.0,78.0,78.0,47.0,17076.0,76.0,0.0425875809140161,0.02,0.001,0.000339405,0.02,0.001,0.000339405,0.008,0.0004,0.0007986,0.0007986,0.0733458,0.0,0.759878,0.02339,0.009194,0.199295,49.0899,55.7066,26.5,0.18512,0.1,0.07408,0.04,-54.2456,5.717558812686737,5.717558812686737,0.0,0.0,0.0,0.0,0.0,0.0,0.0,0.0,0.0,0.0,0.0,0.0,0.0,0.0,0.0,0.0,0.0,0.0,3.0,5.0,6.47367e-314,30.5,0.107238376002209,1.4407157901536876,0.0215694124514613,2.0,0.20305,171.0,0.0078918643938788
79,79.0,79.0,79.0,79.0,79.0,79.0,245.0,17719.0,19.0,0.0664515707283597,0.02,0.001,0.00208692,0.02,0.001,0.00208692,0.008,0.0004,0.00029271,0.00029271,0.07073022,0.0,0.795001,0.022776,0.010227,0.268047,36.3159,29.2865,26.5,1.16464,0.1,0.46592,0.04,-56.4465,12.632842786036152,12.632842786036152,0.0,0.0,0.0,0.0,0.0,0.0,0.0,0.0,0.0,0.0,0.0,0.0,0.0,0.0,0.0,0.0,0.0,0.0,3.0,5.0,6.43505e-314,32.0,0.0703407428098259,2.407766276706709,-0.043227408292396,1.0,0.105759,178.0,0.1267856710906382
80,80.0,80.0,80.0,80.0,80.0,80.0,170.0,129322.0,22.0,0.0442892819942491,0.02,0.001,0.005516874,0.02,0.001,0.005516874,0.008,0.0004,0.00138831,0.00138831,0.10877196,0.0,0.81262,0.031257,0.00352,0.146283,48.0722,14.7477,26.5,1.62448,0.1,0.64976,0.04,-57.6224,11.28903594345683,11.28903594345683,0.0,0.0,0.0,0.0,0.0,0.0,0.0,0.0,0.0,0.0,0.0,0.0,0.0,0.0,0.0,0.0,0.0,0.0,3.0,5.0,6.4397e-314,33.0,0.2392572345372156,1.7880061439552613,0.5703740513712177,1.0,0.477559,1294.0,0.479386190081753
81,81.0,81.0,81.0,81.0,81.0,81.0,132.0,119289.0,89.0,0.0975202987574967,0.02,0.001,0.001509651,0.02,0.001,0.001509651,0.008,0.0004,0.00031647,0.00031647,0.09017976,0.0,0.502742,0.049588,0.006761,0.275949,26.7491,63.6767,26.5,0.24064,0.1,0.09632,0.04,-55.8405,11.748316729553807,11.748316729553807,0.0,0.0,0.0,0.0,0.0,0.0,0.0,0.0,0.0,0.0,0.0,0.0,0.0,0.0,0.0,0.0,0.0,0.0,3.0,5.0,6.44485e-314,32.5,0.2045055192106342,2.689369749618939,0.5370644930032489,2.0,0.555882,1193.0,0.2528287999129441
82,82.0,82.0,82.0,82.0,82.0,82.0,184.0,59439.0,39.0,0.0149158685612816,0.02,0.001,0.002476254,0.02,0.001,0.002476254,0.008,0.0004,0.00270996,0.00270996,0.09355962,0.0,0.404357,0.070625,0.004126,0.331394,37.1422,19.0444,26.5,0.21776,0.1,0.08704,0.04,-59.0911,7.2140962754641915,7.2140962754641915,0.0,0.0,0.0,0.0,0.0,0.0,0.0,0.0,0.0,0.0,0.0,0.0,0.0,0.0,0.0,0.0,0.0,0.0,3.0,5.0,6.48381e-314,32.5,0.0685536210506779,1.786360669311127,-0.242806862930911,4.0,0.865813,595.0,0.8969086100815372
83,83.0,83.0,83.0,83.0,83.0,83.0,67.0,59628.0,28.0,0.0344621453734412,0.02,0.001,0.003246507,0.02,0.001,0.003246507,0.008,0.0004,0.00125169,0.00125169,0.03969504,0.0,0.759276,0.028552,0.004413,0.338173,42.588,34.5166,26.5,0.15824,0.1,0.0632,0.04,-56.8612,10.111470729664141,10.111470729664141,0.0,0.0,0.0,0.0,0.0,0.0,0.0,0.0,0.0,0.0,0.0,0.0,0.0,0.0,0.0,0.0,0.0,0.0,3.0,5.0,4.82e-321,36.5,0.0687414592099577,2.3996684330449494,0.1300465218943141,2.0,0.377051,597.0,0.785407104650156
84,84.0,84.0,84.0,84.0,84.0,84.0,149.0,133206.0,6.0,0.0213093058043838,0.02,0.001,0.000568293,0.02,0.001,0.000568293,0.008,0.0004,0.00012177,0.00012177,0.1129854,0.0,0.704211,0.056426,0.008271,0.288516,35.3123,75.6581,26.5,0.10048,0.1,0.0401599999999998,0.04,-56.7642,11.695005912127233,11.695005912127233,0.0,0.0,0.0,0.0,0.0,0.0,0.0,0.0,0.0,0.0,0.0,0.0,0.0,0.0,0.0,0.0,0.0,0.0,3.0,5.0,0.0,40.0,0.2374688525035017,2.52987380277632,0.693476550010381,2.0,0.934455,1333.0,1.005138645527311
85,85.0,85.0,85.0,85.0,85.0,85.0,88.0,131923.0,23.0,0.0646812817137827,0.02,0.001,0.002517768,0.02,0.001,0.002517768,0.008,0.0004,0.00051513,0.00051513,0.11964414,0.0,0.252425,0.04603,0.006979,0.269588,47.8815,64.0234,26.5,1.80384,0.1,0.72144,0.04,-57.0765,11.806886232231069,11.806886232231069,0.0,0.0,0.0,0.0,0.0,0.0,0.0,0.0,0.0,0.0,0.0,0.0,0.0,0.0,0.0,0.0,0.0,0.0,3.0,5.0,6.40217e-314,40.0,0.1894289902242814,2.744689271991837,0.2425400788959296,1.0,0.360649,1320.0,0.3636147283427406
86,86.0,86.0,86.0,86.0,86.0,86.0,0.0,19732.0,32.0,0.0530210113025311,0.02,0.001,0.000608124,0.02,0.001,0.000608124,0.008,0.0004,0.00099858,0.00099858,0.10457634,0.0,0.723412,0.026271,0.007702,0.233534,49.2477,71.356,26.5,1.5436800000000002,0.1,0.61744,0.04,-58.0718,6.332609751259411,6.332609751259411,0.0,0.0,0.0,0.0,0.0,0.0,0.0,0.0,0.0,0.0,0.0,0.0,0.0,0.0,0.0,0.0,0.0,0.0,3.0,5.0,4.11e-321,39.5,0.0766715227168098,3.644332199135401,-0.2227973154527783,1.0,0.08431,198.0,0.5343612712707303
87,87.0,87.0,87.0,87.0,87.0,87.0,7.0,30834.0,34.0,0.0274309864511716,0.02,0.001,0.003163479,0.02,0.001,0.003163479,0.008,0.0004,0.00038907,0.00038907,0.10691934,0.0,0.533261,0.017662,0.006696,0.267969,48.4125,47.0551,26.5,0.0648,0.1,0.02592,0.04,-57.7648,12.88196940828781,12.88196940828781,0.0,0.0,0.0,0.0,0.0,0.0,0.0,0.0,0.0,0.0,0.0,0.0,0.0,0.0,0.0,0.0,0.0,0.0,3.0,5.0,6.47436e-314,43.5,0.0595513429711684,3.1161714535005176,-0.2500089866592993,3.0,0.326999,309.0,3.974983415489596
88,88.0,88.0,88.0,88.0,88.0,88.0,175.0,118040.0,40.0,0.0492530092673832,0.02,0.001,0.000243474,0.02,0.001,0.000243474,0.008,0.0004,0.00072501,0.00072501,0.0818928,0.0,0.385039,0.01836,0.002122,0.261265,54.5383,61.9532,26.5,0.15248,0.1,0.06096,0.04,-58.0207,5.395073473718968,5.395073473718968,0.0,0.0,0.0,0.0,0.0,0.0,0.0,0.0,0.0,0.0,0.0,0.0,0.0,0.0,0.0,0.0,0.0,0.0,3.0,5.0,6.44043e-314,41.5,0.1824617230482969,3.010667342300574,0.3768542096945579,1.0,0.456195,1181.0,0.8904517805949197
89,89.0,89.0,89.0,89.0,89.0,89.0,32.0,118040.0,40.0,0.01648379447661,0.02,0.001,0.004803843,0.02,0.001,0.004803843,0.008,0.0004,0.00051348,0.00051348,0.0818928,0.0,0.385039,0.01836,0.002122,0.261265,54.5383,61.9532,26.5,0.15248,0.1,0.06096,0.04,-58.0207,13.126092736963024,13.126092736963024,0.0,0.0,0.0,0.0,0.0,0.0,0.0,0.0,0.0,0.0,0.0,0.0,0.0,0.0,0.0,0.0,0.0,0.0,3.0,5.0,6.44043e-314,41.5,0.1824617230482969,3.010667342300574,0.3768542096945579,1.0,0.456195,1181.0,1.2794491236200032
90,90.0,90.0,90.0,90.0,90.0,90.0,29.0,30834.0,34.0,0.0167200617113885,0.02,0.001,0.001611192,0.02,0.001,0.001611192,0.008,0.0004,0.00177639,0.00177639,0.10691934,0.0,0.533261,0.017662,0.006696,0.267969,48.4125,47.0551,26.5,0.0648,0.1,0.02592,0.04,-57.7648,7.196244279268791,7.196244279268791,0.0,0.0,0.0,0.0,0.0,0.0,0.0,0.0,0.0,0.0,0.0,0.0,0.0,0.0,0.0,0.0,0.0,0.0,3.0,5.0,6.47436e-314,43.5,0.0595513429711684,3.1161714535005176,-0.2500089866592993,3.0,0.326999,309.0,1.8548814497667747
91,91.0,91.0,91.0,91.0,91.0,91.0,130.0,117968.0,68.0,0.0575829980397738,0.02,0.001,0.001950597,0.02,0.001,0.001950597,0.008,0.0004,0.00035574,0.00035574,0.09267588,0.0,0.647155,0.018751,0.00592,0.249149,30.5943,36.6235,26.5,1.1096,0.1,0.44384,0.04,-54.9274,12.075389541921066,12.075389541921066,0.0,0.0,0.0,0.0,0.0,0.0,0.0,0.0,0.0,0.0,0.0,0.0,0.0,0.0,0.0,0.0,0.0,0.0,3.0,5.0,0.0,43.0,0.2086257579964538,3.3817687577219364,0.6280674496845148,2.0,0.745107,1180.0,0.0308219769328872
92,92.0,92.0,92.0,92.0,92.0,92.0,38.0,56721.0,21.0,0.0237143972647596,0.02,0.001,0.003093915,0.02,0.001,0.003093915,0.008,0.0004,0.00050226,0.00050226,0.08024742,0.0,1.11313,0.034328,0.004248,0.261319,41.9075,43.1078,26.5,1.2670400000000002,0.1,0.50688,0.04,-57.0352,12.332218629321558,12.332218629321558,0.0,0.0,0.0,0.0,0.0,0.0,0.0,0.0,0.0,0.0,0.0,0.0,0.0,0.0,0.0,0.0,0.0,0.0,3.0,5.0,4.28122e-314,43.0,0.2467094223085079,3.942128612041759,0.3233810937975055,1.0,0.192496,568.0,0.6944170819787014
93,93.0,93.0,93.0,93.0,93.0,93.0,74.0,28050.0,50.0,0.0538011802239356,0.02,0.001,0.002307954,0.02,0.001,0.002307954,0.008,0.0004,0.00037455,0.00037455,0.08646462,0.0,0.505387,0.003971,0.003638,0.236606,35.9801,84.8582,26.5,0.22352,0.1,0.08944,0.04,-57.2207,12.332896614534066,12.332896614534066,0.0,0.0,0.0,0.0,0.0,0.0,0.0,0.0,0.0,0.0,0.0,0.0,0.0,0.0,0.0,0.0,0.0,0.0,3.0,5.0,4.28503e-314,47.0,0.064768454020247,3.3994582458594382,0.1019253771532071,4.0,0.386341,281.0,1.511057950124905
94,94.0,94.0,94.0,94.0,94.0,94.0,5.0,100291.0,91.0,0.0547547508497433,0.02,0.001,0.00194667,0.02,0.001,0.00194667,0.008,0.0004,0.00141108,0.00141108,0.09506838,0.0,1.42604,0.046807,0.00492,0.360487,48.4372,19.2787,26.5,0.26096,0.1,0.10448,0.04,-55.1491,8.289722040321985,8.289722040321985,0.0,0.0,0.0,0.0,0.0,0.0,0.0,0.0,0.0,0.0,0.0,0.0,0.0,0.0,0.0,0.0,0.0,0.0,3.0,5.0,4.24996e-314,46.0,0.457842148482018,4.344182195413319,2.074611809429565,2.0,0.563183,1003.0,7.621146652271758
95,95.0,95.0,95.0,95.0,95.0,95.0,238.0,26520.0,20.0,0.0385684833955578,0.02,0.001,0.001950597,0.02,0.001,0.001950597,0.008,0.0004,0.00035574,0.00035574,0.09109584,0.0,0.636181,0.024759,0.003806,0.300513,47.771,32.9172,26.5,1.57904,0.1,0.63168,0.04,-58.2612,12.075389541921066,12.075389541921066,0.0,0.0,0.0,0.0,0.0,0.0,0.0,0.0,0.0,0.0,0.0,0.0,0.0,0.0,0.0,0.0,0.0,0.0,3.0,5.0,6.47098e-314,53.5,0.0689942432579516,3.18614377365514,-0.113292180104619,1.0,0.053291,266.0,10.302219548349134
96,96.0,96.0,96.0,96.0,96.0,96.0,39.0,61033.0,33.0,0.0149205806290115,0.02,0.001,0.002918883,0.02,0.001,0.002918883,0.008,0.0004,0.00164769,0.00164769,0.11586696,0.0,0.670649,0.028634,0.008212,0.289875,35.9476,85.1163,26.5,0.23616,0.1,0.09456,0.04,-55.0532,9.002091452911076,9.002091452911076,0.0,0.0,0.0,0.0,0.0,0.0,0.0,0.0,0.0,0.0,0.0,0.0,0.0,0.0,0.0,0.0,0.0,0.0,3.0,5.0,6.47963e-314,51.0,0.0478350131887942,4.170507715602191,-0.1916858745625423,1.0,0.089422,611.0,0.0774027578475705
97,97.0,97.0,97.0,97.0,97.0,97.0,103.0,59288.0,88.0,0.0381112385139087,0.02,0.001,0.002906541,0.02,0.001,0.002906541,0.008,0.0004,0.00157971,0.00157971,0.10153242,0.0,0.792337,0.03906,0.001713,0.261304,48.1723,38.9807,26.5,0.13312,0.1,0.05328,0.04,-56.4593,9.112134006004283,9.112134006004283,0.0,0.0,0.0,0.0,0.0,0.0,0.0,0.0,0.0,0.0,0.0,0.0,0.0,0.0,0.0,0.0,0.0,0.0,3.0,5.0,6.4722e-314,56.0,0.0569602269311784,3.7518484206960734,-0.1031413131766401,2.0,0.415612,593.0,6.14310629514372
98,98.0,98.0,98.0,98.0,98.0,98.0,95.0,66604.0,4.0,0.0292179888571251,0.02,0.001,0.001895058,0.02,0.001,0.001895058,0.008,0.0004,0.00062766,0.00062766,0.0960795,0.0,0.934044,0.048495,0.010045,0.266967,47.3727,45.5799,26.5,0.11136,0.1,0.04448,0.04,-58.209,10.543993502439275,10.543993502439275,0.0,0.0,0.0,0.0,0.0,0.0,0.0,0.0,0.0,0.0,0.0,0.0,0.0,0.0,0.0,0.0,0.0,0.0,3.0,5.0,0.0,24.0,0.2008151291807409,1.7889746036604373,0.3060637153122225,1.0,0.124981,667.0,0.2052150432162365
99,99.0,99.0,99.0,99.0,99.0,99.0,99.0,93708.0,8.0,0.0443740135093018,0.02,0.001,0.002511036,0.02,0.001,0.002511036,0.008,0.0004,0.00105567,0.00105567,0.09276234,0.0,0.584407,0.024945,0.006876,0.206136,49.0341,44.5112,26.5,1.46432,0.1,0.58576,0.04,-57.4807,9.860960822291275,9.860960822291275,0.0,0.0,0.0,0.0,0.0,0.0,0.0,0.0,0.0,0.0,0.0,0.0,0.0,0.0,0.0,0.0,0.0,0.0,3.0,5.0,0.0,32.0,0.3154373125617935,2.395574695419638,0.8845138966676257,1.0,0.482783,938.0,0.7220315833329639
