,Unnamed: 0.8,Unnamed: 0.7,Unnamed: 0.6,Unnamed: 0.5,Unnamed: 0.4,Unnamed: 0.3,Unnamed: 0.2,Unnamed: 0.1,Unnamed: 0,gTON_STN_MEAN_nS_pF,gTON_STN_SIGMA,gTON_STN_THETA,gTON_CL_S_MEAN_nS_pF,gTON_CL_S_SIGMA,gTON_CL_S_THETA,gTON_CL_D_MEAN_nS_pF,gTON_CL_D_SIGMA,gTON_CL_D_THETA,gKCC2_S_nS_pF,gKCC2_D_nS_pF,gTRPC3_nS_pF,gHCN_nS_pF,gCA_nS_pF,gL_nS_pF,gSK_nS_pF,gNAP_nS_pF,gNAF_nS_pF,gKDR_nS_pF,gSD_nS,soma_noise_intensity,soma_noise_intensity_theta,dend_noise_intensity,dend_noise_intensity_theta,Eleak_mV,CL_in_S,CL_in_D,Iapp,Iapp_dend,gpe_stim,gpe_stim_freqs,gpe_poisson,W_gpe,gpe_start_time,gpe_base_length,gpe_stim_length,gpe_post_length,str_stim,str_stim_freqs,str_poisson,W_str,str_start_time,str_base_length,str_stim_length,str_post_length,tausyn,tauexc,tausyn_dend,pre_exp_fr,pre_exp_cv,pre_exp_fr_zscore,pre_exp_cv_zscore,connections,total_weight,sim,rel_error
0,0.0,0.0,0.0,0.0,0.0,0.0,214.0,88464.0,64.0,0.0465197964461368,0.005,0.001,0.00142659,0.005,0.001,0.000713295,0.002,0.0004,0.00225192,0.00225192,0.0612486599999999,0.0,0.752844,0.047607,0.012124,0.143029,36.3532,51.4186,26.5,0.04328,0.1,0.01728,0.04,-56.3391,6.409603899265446,5.324002734885507,0.0,0.0,0.0,0.0,0.0,0.0,0.0,0.0,0.0,0.0,0.0,0.0,0.0,0.0,0.0,0.0,0.0,0.0,3.0,5.0,3.14384e-319,5.0,0.1980513761816469,-0.4387789792136601,0.6224500282030175,2.0,0.573553,885.0,0.0033797592753633
1,1.0,1.0,1.0,1.0,1.0,1.0,143.0,26802.0,2.0,0.0490957795908561,0.005,0.001,0.002435004,0.005,0.001,0.001217502,0.002,0.0004,0.00226644,0.00226644,0.05015472,0.0,0.770625,0.032538,0.002688,0.036901,49.5213,18.1453,26.5,0.05136,0.1,0.02056,0.04,-58.0617,7.618127360177861,6.100481564276372,0.0,0.0,0.0,0.0,0.0,0.0,0.0,0.0,0.0,0.0,0.0,0.0,0.0,0.0,0.0,0.0,0.0,0.0,3.0,5.0,0.0,3.5,0.0490699664132461,-0.552204380981023,-0.1208969605402268,2.0,0.123404,269.0,0.1016783237457326
2,2.0,2.0,2.0,2.0,2.0,2.0,172.0,124120.0,20.0,0.0470709809362254,0.005,0.001,0.001430946,0.005,0.001,0.000715473,0.002,0.0004,0.0015015,0.0015015,0.07308312,0.0,0.764274,0.054807,0.008124,0.1595,43.4084,63.5912,26.5,0.7079199999999999,0.1,0.2832,0.04,-58.9219,7.316395222421705,5.896474077282899,0.0,0.0,0.0,0.0,0.0,0.0,0.0,0.0,0.0,0.0,0.0,0.0,0.0,0.0,0.0,0.0,0.0,0.0,3.0,5.0,6.47844e-314,4.0,0.1989401832901281,-0.4660118681991761,0.21086965607091,1.0,0.238459,1242.0,0.0065670445809396
3,3.0,3.0,3.0,3.0,3.0,3.0,186.0,47103.0,3.0,0.0409802897585118,0.005,0.001,0.002742102,0.005,0.001,0.001371051,0.002,0.0004,0.00304062,0.00304062,0.05732496,0.0,0.887928,0.052616,0.006945,0.161861,36.662,54.0916,26.5,0.63328,0.1,0.25336,0.04,-56.768,7.18250913474546,5.808234947472792,0.0,0.0,0.0,0.0,0.0,0.0,0.0,0.0,0.0,0.0,0.0,0.0,0.0,0.0,0.0,0.0,0.0,0.0,3.0,5.0,0.0,2.0,0.3031521925575683,-1.0507809531188013,0.5900853689817129,5.0,0.991818,472.0,0.0029379924573373
4,4.0,4.0,4.0,4.0,4.0,4.0,96.0,92307.0,7.0,0.0519719039586429,0.005,0.001,0.003080418,0.005,0.001,0.001540209,0.002,0.0004,0.00387618,0.00387618,0.05028276,0.0,1.06154,0.035062,0.008455,0.128097,39.7854,27.1872,26.5,0.38584,0.1,0.1543199999999999,0.04,-57.8084,6.888765066500279,5.619310037780713,0.0,0.0,0.0,0.0,0.0,0.0,0.0,0.0,0.0,0.0,0.0,0.0,0.0,0.0,0.0,0.0,0.0,0.0,3.0,5.0,0.0,4.0,0.1035066399256608,-0.3414357566149363,0.021572847003538,1.0,0.236075,924.0,0.0152651620365879
5,5.0,5.0,5.0,5.0,5.0,5.0,188.0,58164.0,64.0,0.0412020154805146,0.005,0.001,0.005566242,0.005,0.001,0.002783121,0.002,0.0004,0.00193908,0.00193908,0.04929078,0.0,0.636782,0.044076,0.010724,0.15529,50.4488,63.0627,26.5,0.61384,0.1,0.24552,0.04,-60.5303,10.401468156075131,8.400380099728883,0.0,0.0,0.0,0.0,0.0,0.0,0.0,0.0,0.0,0.0,0.0,0.0,0.0,0.0,0.0,0.0,0.0,0.0,3.0,5.0,3.14384e-319,3.0,0.1471589176676803,-0.7329459941620562,0.0061029771133743,2.0,0.090351,582.0,0.0240742555080489
6,6.0,6.0,6.0,6.0,6.0,6.0,221.0,104463.0,63.0,0.0531872077673949,0.005,0.001,0.005522682,0.005,0.001,0.002761341,0.002,0.0004,0.00092664,0.00092664,0.05994912,0.0,0.7338,0.042583,0.009785,0.183954,38.1829,51.1943,26.5,0.07432,0.1,0.0297599999999999,0.04,-56.615,12.260909589267275,10.507158333567933,0.0,0.0,0.0,0.0,0.0,0.0,0.0,0.0,0.0,0.0,0.0,0.0,0.0,0.0,0.0,0.0,0.0,0.0,3.0,5.0,6.43617e-314,4.0,0.0705989198123984,-1.0087926415777893,-0.8299131407662823,2.0,0.846957,1045.0,0.0061029615368163
7,7.0,7.0,7.0,7.0,7.0,7.0,23.0,66110.0,10.0,0.0452577307831057,0.005,0.001,0.001458534,0.005,0.001,0.000729267,0.002,0.0004,0.00060258,0.00060258,0.06620988,0.0,1.19935,0.015899,0.010233,0.210238,29.0481,18.641,26.5,1.0852,0.1,0.43408,0.04,-56.5581,9.91161822961192,7.9315662122213055,0.0,0.0,0.0,0.0,0.0,0.0,0.0,0.0,0.0,0.0,0.0,0.0,0.0,0.0,0.0,0.0,0.0,0.0,3.0,5.0,1e-323,3.5,0.0872836680596964,-0.5687580516638726,-0.2804324911293014,3.0,0.71033,662.0,0.0382155270387607
8,8.0,8.0,8.0,8.0,8.0,8.0,134.0,83141.0,41.0,0.0477821098681761,0.005,0.001,0.001824438,0.005,0.001,0.000912219,0.002,0.0004,0.00231924,0.00231924,0.07042926,0.0,0.613854,0.048737,0.006151,0.126082,32.6539,48.2419,26.5,1.04728,0.1,0.41888,0.04,-59.5337,6.865917106254696,5.604875292325287,0.0,0.0,0.0,0.0,0.0,0.0,0.0,0.0,0.0,0.0,0.0,0.0,0.0,0.0,0.0,0.0,0.0,0.0,3.0,5.0,6.43493e-314,1.5,0.3396957864020186,-1.2288385601237133,1.1028568221413688,6.0,1.429099,832.0,0.0350690184902967
9,9.0,9.0,9.0,9.0,9.0,9.0,189.0,58548.0,48.0,0.0521820399945138,0.005,0.001,0.001878888,0.005,0.001,0.000939444,0.002,0.0004,0.0032142,0.0032142,0.08107242,0.0,0.792789,0.043561,0.006943,0.193692,42.626,38.7329,26.5,0.97864,0.1,0.39144,0.04,-57.2622,6.254739054930461,5.23172974430754,0.0,0.0,0.0,0.0,0.0,0.0,0.0,0.0,0.0,0.0,0.0,0.0,0.0,0.0,0.0,0.0,0.0,0.0,3.0,5.0,1.16585e-54,9.5,0.3273937893938073,0.1668730430078696,1.1054494725058597,3.0,0.5384329999999999,586.0,0.0244343795076215
10,10.0,10.0,10.0,10.0,10.0,10.0,122.0,75850.0,50.0,0.04825609462782,0.005,0.001,0.00178596,0.005,0.001,0.00089298,0.002,0.0004,0.00448734,0.00448734,0.0810084,0.0,0.391837,0.04124,0.010711,0.129274,39.0439,48.4102,26.5,0.06536,0.1,0.02616,0.04,-56.399,5.621628427636347,4.868928500448408,0.0,0.0,0.0,0.0,0.0,0.0,0.0,0.0,0.0,0.0,0.0,0.0,0.0,0.0,0.0,0.0,0.0,0.0,3.0,5.0,4.24544e-314,8.5,0.4780396929864523,-0.0688713525107662,1.775647028339732,1.0,0.432949,759.0,2.9392843788103915e-05
11,11.0,11.0,11.0,11.0,11.0,11.0,139.0,79571.0,71.0,0.0373197447221856,0.005,0.001,0.000855228,0.005,0.001,0.000427614,0.002,0.0004,0.00564036,0.00564036,0.06576768,0.0,0.629857,0.037472,0.01047,0.148956,38.546,47.5841,26.5,0.92224,0.1,0.36888,0.04,-56.0686,4.678128053074553,4.364148880311927,0.0,0.0,0.0,0.0,0.0,0.0,0.0,0.0,0.0,0.0,0.0,0.0,0.0,0.0,0.0,0.0,0.0,0.0,3.0,5.0,4.24751e-314,9.5,0.1453491971958857,0.0850403240103491,-0.1940842271680165,1.0,0.421595,796.0,0.0389541053227404
12,12.0,12.0,12.0,12.0,12.0,12.0,176.0,108040.0,40.0,0.0427160559451932,0.005,0.001,0.005565516,0.005,0.001,0.002782758,0.002,0.0004,0.0020592,0.0020592,0.06899838,0.0,0.755549,0.039465,0.008574,0.162913,31.783,49.2205,26.5,0.0632,0.1,0.0252799999999999,0.04,-57.9872,10.229775503077919,8.232441128498184,0.0,0.0,0.0,0.0,0.0,0.0,0.0,0.0,0.0,0.0,0.0,0.0,0.0,0.0,0.0,0.0,0.0,0.0,3.0,5.0,6.44623e-314,6.5,0.3800633578955626,-0.6332117167401804,1.1360372301741355,2.0,0.8522890000000001,1081.0,0.0106280634382625
13,13.0,13.0,13.0,13.0,13.0,13.0,156.0,71137.0,37.0,0.043410296472118,0.005,0.001,0.004908486,0.005,0.001,0.002454243,0.002,0.0004,0.00084942,0.00084942,0.06415464,0.0,0.747414,0.03819,0.009838,0.194663,36.0366,51.5338,26.5,0.80056,0.1,0.3202399999999999,0.04,-55.9385,12.193086373201238,10.419928187894232,0.0,0.0,0.0,0.0,0.0,0.0,0.0,0.0,0.0,0.0,0.0,0.0,0.0,0.0,0.0,0.0,0.0,0.0,3.0,5.0,6.44739e-314,9.5,0.2824409159624964,0.188819648256702,0.3690583864324014,3.0,0.886979,712.0,0.0082042934133776
14,14.0,14.0,14.0,14.0,14.0,14.0,219.0,40888.0,88.0,0.0431725069796305,0.005,0.001,0.003579906,0.005,0.001,0.001789953,0.002,0.0004,0.00109824,0.00109824,0.07174266,0.0,0.646351,0.045467,0.007763,0.163255,33.0451,47.1847,26.5,0.08248,0.1,0.03304,0.04,-59.2456,10.757345276280857,8.76154967738956,0.0,0.0,0.0,0.0,0.0,0.0,0.0,0.0,0.0,0.0,0.0,0.0,0.0,0.0,0.0,0.0,0.0,0.0,3.0,5.0,6.48012e-314,9.0,0.202583137457108,-0.0820260419576252,0.1770436367303366,1.0,0.239187,409.0,0.029674877964073
15,15.0,15.0,15.0,15.0,15.0,15.0,241.0,88926.0,26.0,0.042869799931266,0.005,0.001,0.000747054,0.005,0.001,0.000373527,0.002,0.0004,0.00283272,0.00283272,0.04213374,0.0,0.470485,0.027191,0.009969,0.186572,47.0454,20.4499,26.5,0.76256,0.1,0.30504,0.04,-58.4085,5.122515323690653,4.597269798731923,0.0,0.0,0.0,0.0,0.0,0.0,0.0,0.0,0.0,0.0,0.0,0.0,0.0,0.0,0.0,0.0,0.0,0.0,3.0,5.0,4.11e-321,5.5,0.4658087204834373,-0.4470508676769117,1.5797431871171563,2.0,0.538683,890.0,0.0012526008217884
16,16.0,16.0,16.0,16.0,16.0,16.0,151.0,75615.0,15.0,0.0444254077372257,0.005,0.001,0.003761406,0.005,0.001,0.001880703,0.002,0.0004,0.00315942,0.00315942,0.08106714,0.0,0.51575,0.049081,0.008338,0.211983,43.2186,56.8005,26.5,0.09368,0.1,0.03752,0.04,-56.6847,7.887614600746359,6.289016245277591,0.0,0.0,0.0,0.0,0.0,0.0,0.0,0.0,0.0,0.0,0.0,0.0,0.0,0.0,0.0,0.0,0.0,0.0,3.0,5.0,0.0,9.0,0.3725361130790491,-0.1477942860075781,0.9943932815425996,3.0,0.872954,757.0,0.0084398847678001
17,17.0,17.0,17.0,17.0,17.0,17.0,242.0,101264.0,64.0,0.0440540579781361,0.005,0.001,0.00480975,0.005,0.001,0.002404875,0.002,0.0004,0.00411576,0.00411576,0.06513078,0.0,0.710446,0.042193,0.009053,0.158258,31.4235,53.4951,26.5,0.0856,0.1,0.03424,0.04,-58.816,7.838136090021461,6.253937373608904,0.0,0.0,0.0,0.0,0.0,0.0,0.0,0.0,0.0,0.0,0.0,0.0,0.0,0.0,0.0,0.0,0.0,0.0,3.0,5.0,3.14384e-319,6.5,0.1179341149823996,-0.7103791575335612,-0.3601692531625181,1.0,0.354322,1013.0,0.0036510233765261
18,18.0,18.0,18.0,18.0,18.0,18.0,201.0,2828.0,28.0,0.0396318411410187,0.005,0.001,0.002270928,0.005,0.001,0.001135464,0.002,0.0004,0.00209616,0.00209616,0.06172914,0.0,0.557785,0.039231,0.00802,0.156346,44.6405,56.0161,26.5,0.0984,0.1,0.03936,0.04,-56.6084,7.639663873280533,6.115324266839563,0.0,0.0,0.0,0.0,0.0,0.0,0.0,0.0,0.0,0.0,0.0,0.0,0.0,0.0,0.0,0.0,0.0,0.0,3.0,5.0,4.82e-321,11.0,0.1853794200431019,0.4555815635519358,0.038304438951034,2.0,0.166068,29.0,0.0826690082838774
19,19.0,19.0,19.0,19.0,19.0,19.0,19.0,67556.0,56.0,0.0503522721258506,0.005,0.001,0.001624788,0.005,0.001,0.000812394,0.002,0.0004,0.00145728,0.00145728,0.06837072,0.0,0.691397,0.041841,0.008975,0.206192,36.9079,49.2118,26.5,0.83656,0.1,0.33464,0.04,-56.9206,7.714313646621203,6.167070153224897,0.0,0.0,0.0,0.0,0.0,0.0,0.0,0.0,0.0,0.0,0.0,0.0,0.0,0.0,0.0,0.0,0.0,0.0,3.0,5.0,6.41357e-314,12.0,0.3281578630577714,0.5546527958265636,0.8808266918053418,2.0,0.6234299999999999,676.0,0.0102580306997993
20,20.0,20.0,20.0,20.0,20.0,20.0,104.0,96522.0,22.0,0.0383066343186384,0.005,0.001,0.00075504,0.005,0.001,0.00037752,0.002,0.0004,0.0032736,0.0032736,0.05259408,0.0,0.629946,0.032113,0.007646,0.234046,23.5162,49.9998,26.5,0.71592,0.1,0.2864,0.04,-58.5561,4.993954978535966,4.529058120441727,0.0,0.0,0.0,0.0,0.0,0.0,0.0,0.0,0.0,0.0,0.0,0.0,0.0,0.0,0.0,0.0,0.0,0.0,3.0,5.0,6.40996e-314,12.5,0.0615821000056311,0.2432025478893513,-0.4096663836148629,2.0,0.794764,966.0,0.0043308314312584
21,21.0,21.0,21.0,21.0,21.0,21.0,181.0,4182.0,82.0,0.0439763558993292,0.005,0.001,0.003188592,0.005,0.001,0.001594296,0.002,0.0004,0.0007015799999999,0.0007015799999999,0.05868588,0.0,0.70937,0.037866,0.008004,0.191805,39.1543,56.2533,26.5,0.9104,0.1,0.36416,0.04,-57.9234,11.629836150329028,9.728065743878217,0.0,0.0,0.0,0.0,0.0,0.0,0.0,0.0,0.0,0.0,0.0,0.0,0.0,0.0,0.0,0.0,0.0,0.0,3.0,5.0,6.47758e-314,10.5,0.176292471497847,0.5799926735248576,-0.2080246074023296,1.0,0.102979,42.0,0.0207079786065759
22,22.0,22.0,22.0,22.0,22.0,22.0,36.0,46360.0,60.0,0.0397541536060587,0.005,0.001,0.001634952,0.005,0.001,0.000817476,0.002,0.0004,0.00236412,0.00236412,0.07060416,0.0,0.533834,0.030976,0.008963,0.134872,36.262,51.4034,26.5,0.97752,0.1,0.39096,0.04,-57.2387,6.5875695161411345,5.431905029762777,0.0,0.0,0.0,0.0,0.0,0.0,0.0,0.0,0.0,0.0,0.0,0.0,0.0,0.0,0.0,0.0,0.0,0.0,3.0,5.0,6.4833e-314,12.0,0.0592225220220368,0.4748472663323413,-0.6802167909029855,0.0,0.0,464.0,0.0644464132600041
23,23.0,23.0,23.0,23.0,23.0,23.0,76.0,34591.0,91.0,0.0410820755509885,0.005,0.001,0.002111208,0.005,0.001,0.001055604,0.002,0.0004,0.0064284,0.0064284,0.06768432,0.0,0.814171,0.035675,0.008939,0.16557,34.0964,43.6397,26.5,0.81568,0.1,0.32624,0.04,-56.09,5.367575634944729,4.7292248063370685,0.0,0.0,0.0,0.0,0.0,0.0,0.0,0.0,0.0,0.0,0.0,0.0,0.0,0.0,0.0,0.0,0.0,0.0,3.0,5.0,4.24726e-314,15.0,0.1958913195968947,1.104092728703738,-0.2986610040864502,2.0,0.38007,346.0,0.039987468953693
24,24.0,24.0,24.0,24.0,24.0,24.0,27.0,11042.0,42.0,0.0460895232779373,0.005,0.001,0.000949608,0.005,0.001,0.000474804,0.002,0.0004,0.00139788,0.00139788,0.0555984,0.0,0.517719,0.042898,0.008372,0.205315,26.2256,54.7461,26.5,0.07384,0.1,0.02952,0.04,-55.4971,6.550544218784464,5.409287815140029,0.0,0.0,0.0,0.0,0.0,0.0,0.0,0.0,0.0,0.0,0.0,0.0,0.0,0.0,0.0,0.0,0.0,0.0,3.0,5.0,6.47292e-314,11.5,0.1897539497804378,0.1423560443417587,0.0525041273548164,2.0,0.235101,111.0,0.0919007465235205
25,25.0,25.0,25.0,25.0,25.0,25.0,152.0,98897.0,97.0,0.0405145670626164,0.005,0.001,0.0006497699999999,0.005,0.001,0.0003248849999999,0.002,0.0004,0.00213378,0.00213378,0.07597986,0.0,0.282753,0.036331,0.014238,0.23287,37.2503,67.3875,26.5,0.0492,0.1,0.01968,0.04,-59.4996,5.278023884297617,4.680699432368323,0.0,0.0,0.0,0.0,0.0,0.0,0.0,0.0,0.0,0.0,0.0,0.0,0.0,0.0,0.0,0.0,0.0,0.0,3.0,5.0,4.26732e-314,13.0,0.178275331627504,0.4441229733672129,0.2186427604533575,1.0,0.182454,989.0,0.089942439312488
26,26.0,26.0,26.0,26.0,26.0,26.0,28.0,76101.0,1.0,0.0400934694191906,0.005,0.001,0.002034252,0.005,0.001,0.001017126,0.002,0.0004,0.00117876,0.00117876,0.0919083,0.0,0.959344,0.03745,0.011965,0.176048,35.9093,46.1476,26.5,0.89392,0.1,0.3576,0.04,-58.5398,8.926342215961016,7.077879259942543,0.0,0.0,0.0,0.0,0.0,0.0,0.0,0.0,0.0,0.0,0.0,0.0,0.0,0.0,0.0,0.0,0.0,0.0,3.0,5.0,0.0,15.0,0.1151673104546604,0.7673168766386821,-0.6258785066599097,1.0,0.236578,762.0,0.0530191944756597
27,27.0,27.0,27.0,27.0,27.0,27.0,78.0,42374.0,74.0,0.0504327032819209,0.005,0.001,0.003788994,0.005,0.001,0.001894497,0.002,0.0004,0.00362868,0.00362868,0.08432292,0.0,0.722432,0.048472,0.009166,0.185284,40.1272,49.5612,26.5,0.6419999999999999,0.1,0.2568,0.04,-58.4947,7.545054156538611,6.05040422497672,0.0,0.0,0.0,0.0,0.0,0.0,0.0,0.0,0.0,0.0,0.0,0.0,0.0,0.0,0.0,0.0,0.0,0.0,3.0,5.0,6.43609e-314,13.0,0.2086861067015866,0.3484690264187913,0.3066775540461073,1.0,0.200956,424.0,0.0002921738975285
28,28.0,28.0,28.0,28.0,28.0,28.0,117.0,43588.0,88.0,0.0404774623461732,0.005,0.001,0.004946964,0.005,0.001,0.002473482,0.002,0.0004,0.00264,0.00264,0.07082394,0.0,0.713701,0.031538,0.009261,0.168477,38.2209,67.9345,26.5,0.8135199999999999,0.1,0.3254399999999999,0.04,-58.4093,9.165305671679388,7.274758015351063,0.0,0.0,0.0,0.0,0.0,0.0,0.0,0.0,0.0,0.0,0.0,0.0,0.0,0.0,0.0,0.0,0.0,0.0,3.0,5.0,6.47618e-314,12.5,0.2725913473417835,0.4052866646416463,0.5846549612211338,3.0,0.484799,436.0,0.0081467649532005
29,29.0,29.0,29.0,29.0,29.0,29.0,154.0,78338.0,38.0,0.044849435633637,0.005,0.001,0.000800052,0.005,0.001,0.000400026,0.002,0.0004,0.0026162399999999,0.0026162399999999,0.08299434,0.0,0.940776,0.048429,0.010012,0.17853,37.8195,45.6847,26.5,0.84152,0.1,0.33664,0.04,-58.1594,5.2828725434644985,4.683317574000444,0.0,0.0,0.0,0.0,0.0,0.0,0.0,0.0,0.0,0.0,0.0,0.0,0.0,0.0,0.0,0.0,0.0,0.0,3.0,5.0,4.28057e-314,12.5,0.0584414759591098,0.4138199439413568,-0.9554411060123882,0.0,0.0,784.0,0.1349879172091372
30,30.0,30.0,30.0,30.0,30.0,30.0,187.0,42285.0,85.0,0.0434052580163821,0.005,0.001,0.001699566,0.005,0.001,0.000849783,0.002,0.0004,0.00076032,0.00076032,0.07946994,0.0,0.550586,0.035168,0.010013,0.195592,34.2645,50.3608,26.5,0.07304,0.1,0.0291999999999999,0.04,-57.9142,9.680070731039951,7.7206798102943415,0.0,0.0,0.0,0.0,0.0,0.0,0.0,0.0,0.0,0.0,0.0,0.0,0.0,0.0,0.0,0.0,0.0,0.0,3.0,5.0,4.25115e-314,17.0,0.2285255985251476,0.8978675561750065,0.1419893549225316,2.0,0.485426,423.0,0.0101258717963971
31,31.0,31.0,31.0,31.0,31.0,31.0,66.0,94494.0,94.0,0.0478018193131779,0.005,0.001,0.002524302,0.005,0.001,0.001262151,0.002,0.0004,0.00071148,0.00071148,0.08444634,0.0,0.456384,0.028336,0.011368,0.236229,26.1818,19.6531,26.5,0.06904,0.1,0.0276,0.04,-58.023,10.988618573662755,9.006146675835696,0.0,0.0,0.0,0.0,0.0,0.0,0.0,0.0,0.0,0.0,0.0,0.0,0.0,0.0,0.0,0.0,0.0,0.0,3.0,5.0,6.40524e-314,17.5,0.5120054703775305,0.852356115540853,2.115766709662286,2.0,0.6438090000000001,945.0,0.0674162635089778
32,32.0,32.0,32.0,32.0,32.0,32.0,93.0,67077.0,77.0,0.0491947020716965,0.005,0.001,0.002670954,0.005,0.001,0.001335477,0.002,0.0004,0.0032505,0.0032505,0.10704012,0.0,0.737567,0.015612,0.00871,0.133947,27.0416,28.0711,26.5,0.0132,0.1,0.00528,0.04,-58.7986,6.964590005518256,5.667479011304421,0.0,0.0,0.0,0.0,0.0,0.0,0.0,0.0,0.0,0.0,0.0,0.0,0.0,0.0,0.0,0.0,0.0,0.0,3.0,5.0,4.26944e-314,20.0,0.1809015514150355,1.2794282113154671,0.4401643955576274,1.0,0.352121,671.0,0.1031628296957113
33,33.0,33.0,33.0,33.0,33.0,33.0,174.0,20838.0,38.0,0.0309952102405458,0.005,0.001,0.001083192,0.005,0.001,0.000541596,0.002,0.0004,0.0015067799999999,0.0015067799999999,0.0792363,0.0,0.488331,0.035333,0.005687,0.145345,42.9498,64.2633,26.5,0.1250399999999999,0.1,0.05,0.04,-56.3019,6.669147202038118,5.482056359042186,0.0,0.0,0.0,0.0,0.0,0.0,0.0,0.0,0.0,0.0,0.0,0.0,0.0,0.0,0.0,0.0,0.0,0.0,3.0,5.0,4.25246e-314,20.0,0.1050262684824146,1.0535514261330068,0.3048108901683382,1.0,0.117489,209.0,0.4910047883491287
34,34.0,34.0,34.0,34.0,34.0,34.0,251.0,22848.0,48.0,0.0434157835347246,0.005,0.001,0.00344487,0.005,0.001,0.001722435,0.002,0.0004,0.00073194,0.00073194,0.06286632,0.0,0.213598,0.033867,0.007403,0.214067,34.5174,63.0115,26.5,0.10064,0.1,0.04024,0.04,-56.4925,11.715607535810507,9.829789035017315,0.0,0.0,0.0,0.0,0.0,0.0,0.0,0.0,0.0,0.0,0.0,0.0,0.0,0.0,0.0,0.0,0.0,0.0,3.0,5.0,1.47234e-21,20.0,0.251690253962964,1.0956357230866915,0.6935570852055487,3.0,0.334678,229.0,0.0184300069927643
35,35.0,35.0,35.0,35.0,35.0,35.0,118.0,49621.0,21.0,0.0375951608538451,0.005,0.001,0.000922746,0.005,0.001,0.000461373,0.002,0.0004,0.00057948,0.00057948,0.06543438,0.0,0.695115,0.049325,0.006956,0.192648,44.4965,72.4737,26.5,0.09896,0.1,0.0395999999999999,0.04,-56.0822,8.694887896080083,6.892952883614053,0.0,0.0,0.0,0.0,0.0,0.0,0.0,0.0,0.0,0.0,0.0,0.0,0.0,0.0,0.0,0.0,0.0,0.0,3.0,5.0,4.24508e-314,15.5,0.2193766124787931,1.3176124382734118,0.2980234214033905,1.0,0.186661,497.0,0.0223157449931729
36,36.0,36.0,36.0,36.0,36.0,36.0,163.0,29282.0,82.0,0.0480733593452609,0.005,0.001,0.000662112,0.005,0.001,0.000331056,0.002,0.0004,0.00369996,0.00369996,0.08673324,0.0,0.907811,0.029565,0.008505,0.146514,40.2116,29.4384,26.5,0.05048,0.1,0.02016,0.04,-58.2404,4.7887054998427265,4.421480465963775,0.0,0.0,0.0,0.0,0.0,0.0,0.0,0.0,0.0,0.0,0.0,0.0,0.0,0.0,0.0,0.0,0.0,0.0,3.0,5.0,6.47529e-314,17.0,0.1613452548061742,0.6255045953442887,0.3054190898036529,2.0,0.207413,293.0,0.2510448104607579
37,37.0,37.0,37.0,37.0,37.0,37.0,239.0,54171.0,71.0,0.0423583656518282,0.005,0.001,0.001953666,0.005,0.001,0.000976833,0.002,0.0004,0.00063294,0.00063294,0.05722398,0.0,0.757437,0.047023,0.008423,0.238566,37.1965,43.9126,26.5,0.31088,0.1,0.12432,0.04,-55.2576,10.605856224473298,8.605604114483327,0.0,0.0,0.0,0.0,0.0,0.0,0.0,0.0,0.0,0.0,0.0,0.0,0.0,0.0,0.0,0.0,0.0,0.0,3.0,5.0,4.25013e-314,17.0,0.2551930429600363,0.6842125529378563,0.3845225225913471,1.0,0.247097,542.0,0.0096527334420856
38,38.0,38.0,38.0,38.0,38.0,38.0,123.0,9658.0,58.0,0.0461262829107099,0.005,0.001,0.002245518,0.005,0.001,0.001122759,0.002,0.0004,0.00048246,0.00048246,0.07665966,0.0,0.749028,0.020997,0.008858,0.191377,25.8911,44.1843,26.5,0.0659199999999999,0.1,0.0263199999999999,0.04,-59.893,11.68837613492758,9.797355814726975,0.0,0.0,0.0,0.0,0.0,0.0,0.0,0.0,0.0,0.0,0.0,0.0,0.0,0.0,0.0,0.0,0.0,0.0,3.0,5.0,6.4364e-314,17.5,0.2198588038141154,1.1507983509986923,0.1245045393917624,3.0,0.236863,97.0,0.0175716251216128
39,39.0,39.0,39.0,39.0,39.0,39.0,171.0,20647.0,47.0,0.0406458135859032,0.005,0.001,0.00410916,0.005,0.001,0.00205458,0.002,0.0004,0.0004686,0.0004686,0.0692472,0.0,0.719629,0.027924,0.007195,0.230775,32.3816,56.2013,26.5,0.08528,0.1,0.03408,0.04,-59.8866,13.016219825383025,11.54037342103925,0.0,0.0,0.0,0.0,0.0,0.0,0.0,0.0,0.0,0.0,0.0,0.0,0.0,0.0,0.0,0.0,0.0,0.0,3.0,5.0,4.26923e-314,19.0,0.1919142684581168,1.1211841945089875,0.19105343997319,2.0,0.18756,207.0,0.1174900469677548
40,40.0,40.0,40.0,40.0,40.0,40.0,24.0,131429.0,29.0,0.0436388701329054,0.005,0.001,0.002384184,0.005,0.001,0.001192092,0.002,0.0004,0.00206382,0.00206382,0.11492778,0.0,0.613193,0.042612,0.010218,0.180054,35.4052,49.2907,26.5,0.10848,0.1,0.0433599999999999,0.04,-57.8227,7.807604992662749,6.2323969943641595,0.0,0.0,0.0,0.0,0.0,0.0,0.0,0.0,0.0,0.0,0.0,0.0,0.0,0.0,0.0,0.0,0.0,0.0,3.0,5.0,6.47828e-314,17.5,0.1927257565859081,0.9292536842707244,0.376335881712932,3.0,1.228409,1315.0,0.0288732647931685
41,41.0,41.0,41.0,41.0,41.0,41.0,131.0,16262.0,62.0,0.045377806933126,0.005,0.001,0.002124276,0.005,0.001,0.001062138,0.002,0.0004,0.00234168,0.00234168,0.08552016,0.0,0.524557,0.039445,0.00746,0.180893,39.5662,58.3178,26.5,0.1159999999999999,0.1,0.0464,0.04,-59.2568,7.196655750836281,5.817494044841065,0.0,0.0,0.0,0.0,0.0,0.0,0.0,0.0,0.0,0.0,0.0,0.0,0.0,0.0,0.0,0.0,0.0,0.0,3.0,5.0,0.0,18.5,0.1166896498719792,1.3687815557299334,-0.1260427033785496,2.0,0.271155,163.0,0.3466776054350446
42,42.0,42.0,42.0,42.0,42.0,42.0,37.0,120711.0,11.0,0.0496182425521962,0.005,0.001,0.00421443,0.005,0.001,0.002107215,0.002,0.0004,0.00329934,0.00329934,0.09522282,0.0,0.670741,0.048581,0.007305,0.192516,35.7342,40.9666,26.5,1.03544,0.1,0.41416,0.04,-58.1817,8.07762670510422,6.425726453673791,0.0,0.0,0.0,0.0,0.0,0.0,0.0,0.0,0.0,0.0,0.0,0.0,0.0,0.0,0.0,0.0,0.0,0.0,3.0,5.0,4.24399e-314,17.5,0.2081639239076635,1.0047330287124872,0.3571344257311782,3.0,1.158579,1208.0,0.0045073253137514
43,43.0,43.0,43.0,43.0,43.0,43.0,100.0,51325.0,25.0,0.0485821205536357,0.005,0.001,0.002353692,0.005,0.001,0.001176846,0.002,0.0004,0.0008184,0.0008184,0.06421404,0.0,0.836457,0.035442,0.00818,0.234311,47.1377,34.9947,26.5,0.85392,0.1,0.3416,0.04,-57.4764,10.406806355783985,8.405666046531588,0.0,0.0,0.0,0.0,0.0,0.0,0.0,0.0,0.0,0.0,0.0,0.0,0.0,0.0,0.0,0.0,0.0,0.0,3.0,5.0,4.24871e-314,17.5,0.071393661661821,0.9273051512233712,-0.2150871085656453,2.0,0.359348,514.0,1.4638934538368948
44,44.0,44.0,44.0,44.0,44.0,44.0,58.0,95750.0,50.0,0.0571434171778885,0.005,0.001,0.004655838,0.005,0.001,0.002327919,0.002,0.0004,0.0011055,0.0011055,0.09109122,0.0,0.390733,0.041416,0.013887,0.204617,45.5526,110.872,26.5,0.74424,0.1,0.29768,0.04,-56.2134,11.438617128629204,9.505778870104129,0.0,0.0,0.0,0.0,0.0,0.0,0.0,0.0,0.0,0.0,0.0,0.0,0.0,0.0,0.0,0.0,0.0,0.0,3.0,5.0,4.28302e-314,16.5,0.1419474178626409,0.6785160029886479,0.2346507782557349,1.0,0.342883,958.0,0.1789362305263595
45,45.0,45.0,45.0,45.0,45.0,45.0,136.0,110112.0,12.0,0.0424792779246549,0.005,0.001,0.002325378,0.005,0.001,0.001162689,0.002,0.0004,0.0038346,0.0038346,0.0544005,0.0,0.792463,0.033469,0.007038,0.20253,30.4112,65.3785,26.5,1.07888,0.1,0.4316,0.04,-55.7178,6.324475052530063,5.273097689476533,0.0,0.0,0.0,0.0,0.0,0.0,0.0,0.0,0.0,0.0,0.0,0.0,0.0,0.0,0.0,0.0,0.0,0.0,3.0,5.0,4.24872e-314,16.0,0.1615070143926313,1.073567328717819,-0.4329091246901124,1.0,0.347311,1102.0,0.0782184371885927
46,46.0,46.0,46.0,46.0,46.0,46.0,165.0,26531.0,31.0,0.0482914869310122,0.005,0.001,0.003574098,0.005,0.001,0.001787049,0.002,0.0004,0.00025542,0.00025542,0.06702432,0.0,0.514788,0.045626,0.004177,0.129921,51.8133,60.7931,26.5,0.3122399999999999,0.1,0.12488,0.04,-57.858,13.707946988458414,12.595465959435037,0.0,0.0,0.0,0.0,0.0,0.0,0.0,0.0,0.0,0.0,0.0,0.0,0.0,0.0,0.0,0.0,0.0,0.0,3.0,5.0,4.28045e-314,16.5,0.1383732512291215,0.4008556549253069,0.4282487185934217,2.0,0.189808,266.0,0.0884207262460412
47,47.0,47.0,47.0,47.0,47.0,47.0,8.0,55864.0,64.0,0.0513667037957545,0.005,0.001,0.004416984,0.005,0.001,0.002208492,0.002,0.0004,0.002178,0.002178,0.09090972,0.0,0.832509,0.046036,0.010998,0.233996,50.7487,26.948,26.5,0.054,0.1,0.0216,0.04,-57.7783,9.395888300133462,7.470714468251289,0.0,0.0,0.0,0.0,0.0,0.0,0.0,0.0,0.0,0.0,0.0,0.0,0.0,0.0,0.0,0.0,0.0,0.0,3.0,5.0,3.14384e-319,20.5,0.0922934771277733,1.5487585343183266,-0.3803883647754881,1.0,0.051684,559.0,0.0967982720735833
48,48.0,48.0,48.0,48.0,48.0,48.0,42.0,59725.0,25.0,0.0513178198255498,0.005,0.001,0.000784806,0.005,0.001,0.000392403,0.002,0.0004,0.00053856,0.00053856,0.08849808,0.0,0.492508,0.040485,0.007895,0.16807,59.1693,39.5836,26.5,1.028,0.1,0.4111999999999999,0.04,-58.2088,8.44305471854521,6.697909731810995,0.0,0.0,0.0,0.0,0.0,0.0,0.0,0.0,0.0,0.0,0.0,0.0,0.0,0.0,0.0,0.0,0.0,0.0,3.0,5.0,4.27935e-314,23.5,0.131857188205383,1.0738652342472674,0.2709895492827482,2.0,0.506871,598.0,0.079956399481668
49,49.0,49.0,49.0,49.0,49.0,49.0,111.0,61528.0,28.0,0.0433972964107443,0.005,0.001,0.000823284,0.005,0.001,0.000411642,0.002,0.0004,0.00234498,0.00234498,0.0957033,0.0,0.635799,0.020523,0.010041,0.22912,38.5898,42.7146,26.5,0.42232,0.1,0.16888,0.04,-59.3354,5.451412681784993,4.7749862434586,0.0,0.0,0.0,0.0,0.0,0.0,0.0,0.0,0.0,0.0,0.0,0.0,0.0,0.0,0.0,0.0,0.0,0.0,3.0,5.0,4.82e-321,21.0,0.3058831061882089,0.8867815666990747,0.673371669790429,3.0,0.656038,616.0,0.020218993987553
50,50.0,50.0,50.0,50.0,50.0,50.0,162.0,88869.0,69.0,0.0435300920513733,0.005,0.001,0.002745732,0.005,0.001,0.001372866,0.002,0.0004,0.00113718,0.00113718,0.09499182,0.0,0.69664,0.052407,0.011052,0.198369,49.9364,31.6461,26.5,0.13912,0.1,0.0556,0.04,-56.9479,9.90444961292766,7.924937061511972,0.0,0.0,0.0,0.0,0.0,0.0,0.0,0.0,0.0,0.0,0.0,0.0,0.0,0.0,0.0,0.0,0.0,0.0,3.0,5.0,6.47851e-314,20.5,0.2290948841361173,1.29957384052861,0.300985533977597,1.0,0.225382,889.0,0.1593850824098989
51,51.0,51.0,51.0,51.0,51.0,51.0,145.0,121863.0,63.0,0.0474140661497833,0.005,0.001,0.007139484,0.005,0.001,0.003569742,0.002,0.0004,0.00277662,0.00277662,0.09183768,0.0,0.173453,0.016026,0.013074,0.21531,32.8033,42.4009,26.5,0.1176,0.1,0.04704,0.04,-57.1115,10.08646012902181,8.09528096372142,0.0,0.0,0.0,0.0,0.0,0.0,0.0,0.0,0.0,0.0,0.0,0.0,0.0,0.0,0.0,0.0,0.0,0.0,3.0,5.0,6.41624e-314,21.5,0.2796753797018735,1.752344949732385,0.9157010376050116,1.0,0.570156,1219.0,0.1035811201130173
52,52.0,52.0,52.0,52.0,52.0,52.0,114.0,57567.0,67.0,0.0459228097121485,0.005,0.001,0.002212122,0.005,0.001,0.001106061,0.002,0.0004,0.00275022,0.00275022,0.09681672,0.0,0.735958,0.035456,0.007325,0.195859,30.5441,59.2191,26.5,0.39112,0.1,0.1564799999999999,0.04,-58.1047,6.915974591144596,5.636548326430522,0.0,0.0,0.0,0.0,0.0,0.0,0.0,0.0,0.0,0.0,0.0,0.0,0.0,0.0,0.0,0.0,0.0,0.0,3.0,5.0,4.24816e-314,23.0,0.2021068276548624,1.8598470791211923,0.302335044186732,3.0,0.748523,576.0,0.0559030343147575
53,53.0,53.0,53.0,53.0,53.0,53.0,202.0,615.0,15.0,0.0374454891985914,0.005,0.001,0.002990394,0.005,0.001,0.001495197,0.002,0.0004,0.00078474,0.00078474,0.07527366,0.0,0.800501,0.035516,0.008889,0.176934,38.0371,54.4297,26.5,0.0918399999999999,0.1,0.03672,0.04,-57.0966,11.17921937415634,9.21385210066713,0.0,0.0,0.0,0.0,0.0,0.0,0.0,0.0,0.0,0.0,0.0,0.0,0.0,0.0,0.0,0.0,0.0,0.0,3.0,5.0,0.0,20.5,0.1123865477918524,2.212255640060404,-0.3707284509841089,2.0,0.203102,7.0,0.0818125556774359
54,54.0,54.0,54.0,54.0,54.0,54.0,11.0,22329.0,29.0,0.0383660327702796,0.005,0.001,0.003529086,0.005,0.001,0.001764543,0.002,0.0004,0.0002838,0.0002838,0.07226472,0.0,0.289897,0.03398,0.006271,0.231589,30.6859,53.1024,26.5,0.4786399999999999,0.1,0.19144,0.04,-59.0074,13.554728312960037,12.352082617207222,0.0,0.0,0.0,0.0,0.0,0.0,0.0,0.0,0.0,0.0,0.0,0.0,0.0,0.0,0.0,0.0,0.0,0.0,3.0,5.0,6.43783e-314,21.5,0.111166642776077,1.2188181782232914,-0.1432314663571619,1.0,0.091394,224.0,0.1387384257196768
55,55.0,55.0,55.0,55.0,55.0,55.0,83.0,21315.0,15.0,0.0373632466632802,0.005,0.001,0.000898062,0.005,0.001,0.000449031,0.002,0.0004,0.00144078,0.00144078,0.0723096,0.0,0.648212,0.029583,0.004924,0.195508,34.9521,42.5006,26.5,1.044,0.1,0.4175999999999999,0.04,-58.9818,6.377753795977631,5.304904317930268,0.0,0.0,0.0,0.0,0.0,0.0,0.0,0.0,0.0,0.0,0.0,0.0,0.0,0.0,0.0,0.0,0.0,0.0,3.0,5.0,0.0,24.0,0.1720689016273245,1.7172847256870876,0.0430588727866305,4.0,0.519732,214.0,0.2819163349857607
56,56.0,56.0,56.0,56.0,56.0,56.0,84.0,127005.0,5.0,0.0471420267120504,0.005,0.001,0.003204564,0.005,0.001,0.001602282,0.002,0.0004,0.00541992,0.00541992,0.08800968,0.0,0.186576,0.032667,0.01237,0.230148,44.0754,77.2903,26.5,0.0293599999999999,0.1,0.01176,0.04,-57.9234,6.2762022469467,5.244430343631135,0.0,0.0,0.0,0.0,0.0,0.0,0.0,0.0,0.0,0.0,0.0,0.0,0.0,0.0,0.0,0.0,0.0,0.0,3.0,5.0,0.0,22.0,0.132859906548268,1.0503925806471106,-0.0416977022472413,3.0,1.0374560000000002,1271.0,0.249125745212017
57,57.0,57.0,57.0,57.0,57.0,57.0,146.0,3629.0,29.0,0.0449087923759462,0.005,0.001,0.004558554,0.005,0.001,0.002279277,0.002,0.0004,0.00115302,0.00115302,0.08333094,0.0,0.660265,0.033736,0.009304,0.213293,28.2365,61.7045,26.5,0.07344,0.1,0.0293599999999999,0.04,-58.3804,11.275749054080126,9.321219978225704,0.0,0.0,0.0,0.0,0.0,0.0,0.0,0.0,0.0,0.0,0.0,0.0,0.0,0.0,0.0,0.0,0.0,0.0,3.0,5.0,6.47198e-314,23.5,0.1066525936938121,2.632879116631784,-0.4748107735446237,1.0,0.101455,37.0,0.3068320159652211
58,58.0,58.0,58.0,58.0,58.0,58.0,33.0,94115.0,15.0,0.044300692906759,0.005,0.001,0.00134673,0.005,0.001,0.000673365,0.002,0.0004,0.0010395,0.0010395,0.0555521999999999,0.0,0.659256,0.038613,0.004049,0.173831,64.8782,53.3018,26.5,0.96152,0.1,0.38464,0.04,-56.9283,8.116289092863239,6.453938404563751,0.0,0.0,0.0,0.0,0.0,0.0,0.0,0.0,0.0,0.0,0.0,0.0,0.0,0.0,0.0,0.0,0.0,0.0,3.0,5.0,0.0,22.5,0.1840736719550773,0.9205842388965052,0.2748877971837641,2.0,0.473259,942.0,0.0912634393145048
59,59.0,59.0,59.0,59.0,59.0,59.0,77.0,29722.0,22.0,0.0482079790664974,0.005,0.001,0.000840708,0.005,0.001,0.000420354,0.002,0.0004,0.00226776,0.00226776,0.0950532,0.0,0.915847,0.04759,0.008535,0.17441,42.1053,59.6534,26.5,1.8436,0.1,0.7374400000000001,0.04,-57.4789,5.5232074188229765,4.814438091735691,0.0,0.0,0.0,0.0,0.0,0.0,0.0,0.0,0.0,0.0,0.0,0.0,0.0,0.0,0.0,0.0,0.0,0.0,3.0,5.0,6.40273e-314,21.0,0.0683089680562491,1.0770757018416477,0.0059501599046557,0.0,0.0,298.0,0.7640808248491099
60,60.0,60.0,60.0,60.0,60.0,60.0,228.0,19026.0,26.0,0.0426215683365939,0.005,0.001,0.002876412,0.005,0.001,0.001438206,0.002,0.0004,0.00219318,0.00219318,0.06163146,0.0,0.925858,0.031392,0.009267,0.211671,43.6374,58.8045,26.5,0.0664,0.1,0.02656,0.04,-54.7709,8.149890170302374,6.478567472629161,0.0,0.0,0.0,0.0,0.0,0.0,0.0,0.0,0.0,0.0,0.0,0.0,0.0,0.0,0.0,0.0,0.0,0.0,3.0,5.0,4.11e-321,23.0,0.0728489273615316,1.43846253282372,0.0251408042820914,2.0,0.195196,191.0,0.1206325382833021
61,61.0,61.0,61.0,61.0,61.0,61.0,226.0,12688.0,88.0,0.0447112771808775,0.005,0.001,0.001861464,0.005,0.001,0.000930732,0.002,0.0004,0.00095898,0.00095898,0.07838622,0.0,0.74727,0.036093,0.009167,0.203949,33.9212,32.176,26.5,0.07776,0.1,0.03112,0.04,-56.8906,9.268044599582458,7.36132802939748,0.0,0.0,0.0,0.0,0.0,0.0,0.0,0.0,0.0,0.0,0.0,0.0,0.0,0.0,0.0,0.0,0.0,0.0,3.0,5.0,6.40764e-314,21.0,0.1156120702609139,2.05584541594504,-0.3367058527926537,1.0,0.09284,127.0,0.1747465316701866
62,62.0,62.0,62.0,62.0,62.0,62.0,155.0,129883.0,83.0,0.0436230860346294,0.005,0.001,0.006303858,0.005,0.001,0.003151929,0.002,0.0004,0.00240372,0.00240372,0.09510072,0.0,0.737601,0.031281,0.006265,0.187922,32.9914,48.0934,26.5,0.12848,0.1,0.05144,0.04,-57.6565,10.14330165536738,8.14935716640816,0.0,0.0,0.0,0.0,0.0,0.0,0.0,0.0,0.0,0.0,0.0,0.0,0.0,0.0,0.0,0.0,0.0,0.0,3.0,5.0,6.44593e-314,21.5,0.49585449312968,1.258910925746269,1.8777334176502725,4.0,1.795145,1299.0,0.5916679298614411
63,63.0,63.0,63.0,63.0,63.0,63.0,68.0,25071.0,71.0,0.0355491728826417,0.005,0.001,0.00166617,0.005,0.001,0.000833085,0.002,0.0004,0.0006336,0.0006336,0.08001444,0.0,0.292935,0.042984,0.00681,0.248675,36.0381,50.1936,26.5,0.06088,0.1,0.02432,0.04,-59.0632,10.151125480650151,8.156833565478754,0.0,0.0,0.0,0.0,0.0,0.0,0.0,0.0,0.0,0.0,0.0,0.0,0.0,0.0,0.0,0.0,0.0,0.0,3.0,5.0,4.26177e-314,21.0,0.0843589825832732,1.4448266811142387,-0.1594567224895845,1.0,0.051963,251.0,0.2560936013768364
64,64.0,64.0,64.0,64.0,64.0,64.0,222.0,17368.0,68.0,0.0407993694443544,0.005,0.001,0.00193479,0.005,0.001,0.000967395,0.002,0.0004,0.00378444,0.00378444,0.06982536,0.0,0.73823,0.049368,0.008793,0.249851,28.1896,27.8534,26.5,1.23368,0.1,0.49344,0.04,-55.4688,6.014167985829476,5.091241189594182,0.0,0.0,0.0,0.0,0.0,0.0,0.0,0.0,0.0,0.0,0.0,0.0,0.0,0.0,0.0,0.0,0.0,0.0,3.0,5.0,0.0,24.5,0.1035792582510976,1.3574727098300692,-0.0135722859462849,1.0,0.13941,174.0,0.0838347646779162
65,65.0,65.0,65.0,65.0,65.0,65.0,13.0,84656.0,56.0,0.0448862634774072,0.005,0.001,0.000783354,0.005,0.001,0.000391677,0.002,0.0004,0.00434016,0.00434016,0.0706893,0.0,0.673192,0.034349,0.007232,0.236506,44.8273,53.3471,26.5,0.0352,0.1,0.0140799999999999,0.04,-57.8994,4.794889311832463,4.424699080585788,0.0,0.0,0.0,0.0,0.0,0.0,0.0,0.0,0.0,0.0,0.0,0.0,0.0,0.0,0.0,0.0,0.0,0.0,3.0,5.0,6.44903e-314,25.5,0.1776112049109187,1.229438922232962,0.283785196723573,2.0,0.836254,847.0,0.0570910498305433
66,66.0,66.0,66.0,66.0,66.0,66.0,148.0,13576.0,76.0,0.0402931351722744,0.005,0.001,0.004698672,0.005,0.001,0.002349336,0.002,0.0004,0.00321882,0.00321882,0.08204262,0.0,0.515469,0.036178,0.0089,0.23355,33.9776,25.521,26.5,0.69288,0.1,0.27712,0.04,-55.2716,8.447920041125297,6.701618809511646,0.0,0.0,0.0,0.0,0.0,0.0,0.0,0.0,0.0,0.0,0.0,0.0,0.0,0.0,0.0,0.0,0.0,0.0,3.0,5.0,6.46793e-314,26.5,0.1225007221305094,2.6357901752432635,-0.2591683894158264,1.0,0.077251,136.0,0.3879894685804288
67,67.0,67.0,67.0,67.0,67.0,67.0,220.0,43094.0,94.0,0.0450047461272654,0.005,0.001,0.00325611,0.005,0.001,0.001628055,0.002,0.0004,0.00478368,0.00478368,0.07183176,0.0,0.473007,0.022761,0.006984,0.210099,29.1189,50.1169,26.5,0.04976,0.1,0.01992,0.04,-58.0794,6.55463955474015,5.411785081378665,0.0,0.0,0.0,0.0,0.0,0.0,0.0,0.0,0.0,0.0,0.0,0.0,0.0,0.0,0.0,0.0,0.0,0.0,3.0,5.0,6.44372e-314,25.5,0.1014248429148065,2.021410535320073,-0.3168228582261309,1.0,0.196808,431.0,0.1087058402256221
68,68.0,68.0,68.0,68.0,68.0,68.0,247.0,19494.0,94.0,0.0485739754086289,0.005,0.001,0.000678084,0.005,0.001,0.000339042,0.002,0.0004,0.00183546,0.00183546,0.07320984,0.0,1.002,0.028103,0.006163,0.176766,32.7106,50.2881,26.5,0.08264,0.1,0.03304,0.04,-54.7026,5.518528877661606,4.811859650532057,0.0,0.0,0.0,0.0,0.0,0.0,0.0,0.0,0.0,0.0,0.0,0.0,0.0,0.0,0.0,0.0,0.0,0.0,3.0,5.0,6.40323e-314,30.0,0.1474671403596782,2.2094224306467902,0.2321378300294822,1.0,0.106308,195.0,0.0506694091133125
69,69.0,69.0,69.0,69.0,69.0,69.0,173.0,97522.0,22.0,0.0409336875336314,0.005,0.001,0.000601854,0.005,0.001,0.000300927,0.002,0.0004,0.00210012,0.00210012,0.09225348,0.0,0.632139,0.022363,0.006718,0.175432,37.5578,60.8301,26.5,0.67408,0.1,0.2696,0.04,-58.9984,5.210067297466935,4.644113309563361,0.0,0.0,0.0,0.0,0.0,0.0,0.0,0.0,0.0,0.0,0.0,0.0,0.0,0.0,0.0,0.0,0.0,0.0,3.0,5.0,6.43661e-314,29.0,0.2391638606107662,2.043736652343504,0.4819594231784854,2.0,0.686975,976.0,0.6997135356217953
70,70.0,70.0,70.0,70.0,70.0,70.0,230.0,19032.0,32.0,0.0425664997585687,0.005,0.001,0.003043392,0.005,0.001,0.001521696,0.002,0.0004,0.00039666,0.00039666,0.11013948,0.0,1.10455,0.030617,0.009014,0.14535,40.275,86.7534,26.5,0.04856,0.1,0.01944,0.04,-55.9748,12.774432328306725,11.196858688635345,0.0,0.0,0.0,0.0,0.0,0.0,0.0,0.0,0.0,0.0,0.0,0.0,0.0,0.0,0.0,0.0,0.0,0.0,3.0,5.0,4.11e-321,30.0,0.0831276736911682,2.156667791722867,0.078459133085241,3.0,0.32051,191.0,0.0757058316632592
71,71.0,71.0,71.0,71.0,71.0,71.0,3.0,4862.0,62.0,0.0460540430143638,0.005,0.001,0.003569016,0.005,0.001,0.001784508,0.002,0.0004,0.00063294,0.00063294,0.0750057,0.0,0.643475,0.039086,0.008467,0.193632,41.0015,48.393,26.5,0.08368,0.1,0.03344,0.04,-55.0251,12.138526451839404,10.350386352600168,0.0,0.0,0.0,0.0,0.0,0.0,0.0,0.0,0.0,0.0,0.0,0.0,0.0,0.0,0.0,0.0,0.0,0.0,3.0,5.0,0.0,27.0,0.1567934198163745,3.4571049864746715,-0.193315018095703,1.0,0.102837,49.0,0.0063964066827954
72,72.0,72.0,72.0,72.0,72.0,72.0,22.0,80283.0,83.0,0.0486472980101893,0.005,0.001,0.002787114,0.005,0.001,0.001393557,0.002,0.0004,0.00188628,0.00188628,0.09509478,0.0,0.662309,0.036186,0.005064,0.17455,37.8154,40.3374,26.5,0.08248,0.1,0.03304,0.04,-58.2338,8.482145937801851,6.727775830300792,0.0,0.0,0.0,0.0,0.0,0.0,0.0,0.0,0.0,0.0,0.0,0.0,0.0,0.0,0.0,0.0,0.0,0.0,3.0,5.0,6.44384e-314,28.0,0.0727760269338087,2.9466447277979606,-0.2694938245544296,1.0,0.227216,803.0,0.1386204652642644
73,73.0,73.0,73.0,73.0,73.0,73.0,140.0,50749.0,49.0,0.0454955468939018,0.005,0.001,0.000557568,0.005,0.001,0.000278784,0.002,0.0004,0.00201696,0.00201696,0.09651774,0.0,0.396148,0.027222,0.006024,0.213916,50.1423,36.0498,26.5,0.89488,0.1,0.3579199999999999,0.04,-59.2791,5.171354340372996,4.62336047058663,0.0,0.0,0.0,0.0,0.0,0.0,0.0,0.0,0.0,0.0,0.0,0.0,0.0,0.0,0.0,0.0,0.0,0.0,3.0,5.0,6.48367e-314,30.5,0.075125769748273,2.430653929119346,-0.2180697552360681,2.0,0.482802,508.0,0.0793453743626088
74,74.0,74.0,74.0,74.0,74.0,74.0,158.0,9189.0,89.0,0.0452701896974355,0.005,0.001,0.00359007,0.005,0.001,0.001795035,0.002,0.0004,0.00031944,0.00031944,0.07929174,0.0,1.16433,0.024393,0.007597,0.213285,27.5197,63.0301,26.5,0.64664,0.1,0.25864,0.04,-58.9148,13.412216936247763,12.13076780338688,0.0,0.0,0.0,0.0,0.0,0.0,0.0,0.0,0.0,0.0,0.0,0.0,0.0,0.0,0.0,0.0,0.0,0.0,3.0,5.0,6.41057e-314,31.5,0.0651286277666253,2.2394668665972626,-0.3359121239067497,1.0,0.093176,92.0,0.7848984599183965
75,75.0,75.0,75.0,75.0,75.0,75.0,99.0,93708.0,8.0,0.0498317841015435,0.005,0.001,0.001632774,0.005,0.001,0.000816387,0.002,0.0004,0.0005709,0.0005709,0.09276234,0.0,0.584407,0.024945,0.006876,0.206136,49.0341,44.5112,26.5,0.73216,0.1,0.29288,0.04,-57.4807,10.391014902035263,8.390040532476712,0.0,0.0,0.0,0.0,0.0,0.0,0.0,0.0,0.0,0.0,0.0,0.0,0.0,0.0,0.0,0.0,0.0,0.0,3.0,5.0,0.0,32.0,0.3154373125617935,2.395574695419638,0.8845138966676257,1.0,0.482783,938.0,0.7220315833329639
76,76.0,76.0,76.0,76.0,76.0,76.0,166.0,51980.0,80.0,0.0435378049666843,0.005,0.001,0.002607792,0.005,0.001,0.001303896,0.002,0.0004,0.00381678,0.00381678,0.12960552,0.0,0.575872,0.013695,0.010534,0.160107,38.4698,37.9965,26.5,0.76104,0.1,0.3044,0.04,-56.9007,6.562434777132248,5.416541496327161,0.0,0.0,0.0,0.0,0.0,0.0,0.0,0.0,0.0,0.0,0.0,0.0,0.0,0.0,0.0,0.0,0.0,0.0,3.0,5.0,6.41562e-314,34.0,0.2193173796987001,2.2896127502346566,0.4425806991778069,1.0,0.244489,520.0,0.7028364787261204
77,77.0,77.0,77.0,77.0,77.0,77.0,31.0,28330.0,30.0,0.0504521455293847,0.005,0.001,0.003543606,0.005,0.001,0.001771803,0.002,0.0004,0.00054318,0.00054318,0.08752062,0.0,0.48462,0.031715,0.003074,0.170631,39.488,68.2982,26.5,0.61136,0.1,0.24456,0.04,-59.253,12.453167916420421,10.759234148609671,0.0,0.0,0.0,0.0,0.0,0.0,0.0,0.0,0.0,0.0,0.0,0.0,0.0,0.0,0.0,0.0,0.0,0.0,3.0,5.0,6.40968e-314,33.0,0.0616010553511904,1.7216693344710612,0.0311283107398128,3.0,0.371271,284.0,0.3241318187960151
78,78.0,78.0,78.0,78.0,78.0,78.0,138.0,96115.0,15.0,0.0474378777002148,0.005,0.001,0.002144604,0.005,0.001,0.001072302,0.002,0.0004,0.0060192,0.0060192,0.07977156,0.0,0.518935,0.036423,0.006025,0.21723,37.2291,45.6106,26.5,1.05368,0.1,0.42144,0.04,-56.7504,5.47053742405688,4.785471405293399,0.0,0.0,0.0,0.0,0.0,0.0,0.0,0.0,0.0,0.0,0.0,0.0,0.0,0.0,0.0,0.0,0.0,0.0,3.0,5.0,0.0,31.5,0.2931477509335349,1.7655691548594232,1.0163686986550062,2.0,0.655368,962.0,0.4213341007946707
79,79.0,79.0,79.0,79.0,79.0,79.0,20.0,18751.0,51.0,0.0511840893706511,0.005,0.001,0.004948416,0.005,0.001,0.002474208,0.002,0.0004,0.00284394,0.00284394,0.04337388,0.0,0.840123,0.019278,0.006189,0.244279,33.9161,13.0703,26.5,0.67272,0.1,0.2691199999999999,0.04,-56.5286,8.950097912614032,7.097176312515167,0.0,0.0,0.0,0.0,0.0,0.0,0.0,0.0,0.0,0.0,0.0,0.0,0.0,0.0,0.0,0.0,0.0,0.0,3.0,5.0,4.28012e-314,31.0,0.0733808472696326,1.988699581376193,-0.3642063157096676,3.0,0.2505469999999999,188.0,0.9163608538038144
80,80.0,80.0,80.0,80.0,80.0,80.0,249.0,8791.0,91.0,0.0404260862634349,0.005,0.001,0.002986764,0.005,0.001,0.001493382,0.002,0.0004,0.0007491,0.0007491,0.07674348,0.0,0.818118,0.034941,0.005877,0.214867,46.6266,56.8974,26.5,0.7832,0.1,0.31328,0.04,-58.1447,11.297742807774624,9.345891480725047,0.0,0.0,0.0,0.0,0.0,0.0,0.0,0.0,0.0,0.0,0.0,0.0,0.0,0.0,0.0,0.0,0.0,0.0,3.0,5.0,4.26367e-314,31.0,0.0952678970825941,2.2702566009648293,-0.3599925656607902,1.0,0.082555,88.0,0.5355910607726166
81,81.0,81.0,81.0,81.0,81.0,81.0,184.0,59439.0,39.0,0.0426803656854264,0.005,0.001,0.001950762,0.005,0.001,0.000975381,0.002,0.0004,0.00309672,0.00309672,0.09355962,0.0,0.404357,0.070625,0.004126,0.331394,37.1422,19.0444,26.5,0.10888,0.1,0.04352,0.04,-59.0911,6.398507102271669,5.317341502330331,0.0,0.0,0.0,0.0,0.0,0.0,0.0,0.0,0.0,0.0,0.0,0.0,0.0,0.0,0.0,0.0,0.0,0.0,3.0,5.0,6.48381e-314,32.5,0.0685536210506779,1.786360669311127,-0.242806862930911,4.0,0.865813,595.0,0.8969086100815372
82,82.0,82.0,82.0,82.0,82.0,82.0,207.0,128975.0,75.0,0.0447493111014037,0.005,0.001,0.002331912,0.005,0.001,0.001165956,0.002,0.0004,0.0017754,0.0017754,0.12420606,0.0,0.336454,0.027608,0.012766,0.275473,26.7407,65.8028,26.5,1.11952,0.1,0.4478399999999999,0.04,-58.8547,8.153933699281605,6.481538268729549,0.0,0.0,0.0,0.0,0.0,0.0,0.0,0.0,0.0,0.0,0.0,0.0,0.0,0.0,0.0,0.0,0.0,0.0,3.0,5.0,6.47386e-314,33.5,0.1807972487384197,2.1794781308473308,0.1675019447442703,2.0,0.750017,1290.0,0.0340569063502249
83,83.0,83.0,83.0,83.0,83.0,83.0,92.0,98260.0,60.0,0.0430668824674098,0.005,0.001,0.001275582,0.005,0.001,0.000637791,0.002,0.0004,0.00234894,0.00234894,0.05966862,0.0,0.889266,0.026719,0.003723,0.269015,50.2658,72.3061,26.5,0.1235999999999999,0.1,0.04944,0.04,-55.8078,6.1197954780797446,5.1525093451238835,0.0,0.0,0.0,0.0,0.0,0.0,0.0,0.0,0.0,0.0,0.0,0.0,0.0,0.0,0.0,0.0,0.0,0.0,3.0,5.0,6.40094e-314,40.0,0.0474101922966861,2.64607800752951,-0.2958752090135102,2.0,0.62305,983.0,0.5183271032206931
84,84.0,84.0,84.0,84.0,84.0,84.0,21.0,25443.0,43.0,0.0422629165629706,0.005,0.001,0.002376924,0.005,0.001,0.001188462,0.002,0.0004,0.00059004,0.00059004,0.14874552,0.0,0.442529,0.02834,0.00633,0.091962,48.5021,66.1755,26.5,0.03208,0.1,0.0128,0.04,-55.4764,11.324453528391118,9.375959092221775,0.0,0.0,0.0,0.0,0.0,0.0,0.0,0.0,0.0,0.0,0.0,0.0,0.0,0.0,0.0,0.0,0.0,0.0,3.0,5.0,0.0,38.5,0.083824713697274,1.83541645798687,0.2693474609161878,1.0,0.094269,255.0,0.1099918947720538
85,85.0,85.0,85.0,85.0,85.0,85.0,88.0,131923.0,23.0,0.0485149612269813,0.005,0.001,0.00262449,0.005,0.001,0.001312245,0.002,0.0004,0.0028809,0.0028809,0.11964414,0.0,0.252425,0.04603,0.006979,0.269588,47.8815,64.0234,26.5,0.90192,0.1,0.36072,0.04,-57.0765,7.206802819216611,5.824144696530726,0.0,0.0,0.0,0.0,0.0,0.0,0.0,0.0,0.0,0.0,0.0,0.0,0.0,0.0,0.0,0.0,0.0,0.0,3.0,5.0,6.40217e-314,40.0,0.1894289902242814,2.744689271991837,0.2425400788959296,1.0,0.360649,1320.0,0.3636147283427406
86,86.0,86.0,86.0,86.0,86.0,86.0,231.0,27175.0,75.0,0.0464771543810806,0.005,0.001,0.000709302,0.005,0.001,0.000354651,0.002,0.0004,0.00452958,0.00452958,0.07672038,0.0,1.01201,0.018111,0.00715,0.264215,23.09,66.7523,26.5,0.39392,0.1,0.1576,0.04,-59.1184,4.698332971467126,4.37459367375155,0.0,0.0,0.0,0.0,0.0,0.0,0.0,0.0,0.0,0.0,0.0,0.0,0.0,0.0,0.0,0.0,0.0,0.0,3.0,5.0,6.43737e-314,37.0,0.0524330725941259,2.516877899643915,-0.3207876265405331,3.0,0.103284,272.0,2.047194506461751
87,87.0,87.0,87.0,87.0,87.0,87.0,175.0,118040.0,40.0,0.0406988416187394,0.005,0.001,0.002990394,0.005,0.001,0.001495197,0.002,0.0004,0.00078474,0.00078474,0.0818928,0.0,0.385039,0.01836,0.002122,0.261265,54.5383,61.9532,26.5,0.07624,0.1,0.03048,0.04,-58.0207,11.17921937415634,9.21385210066713,0.0,0.0,0.0,0.0,0.0,0.0,0.0,0.0,0.0,0.0,0.0,0.0,0.0,0.0,0.0,0.0,0.0,0.0,3.0,5.0,6.44043e-314,41.5,0.1824617230482969,3.010667342300574,0.3768542096945579,1.0,0.456195,1181.0,0.8904517805949197
88,88.0,88.0,88.0,88.0,88.0,88.0,29.0,30834.0,34.0,0.0465021550522044,0.005,0.001,0.001697388,0.005,0.001,0.000848694,0.002,0.0004,0.00389664,0.00389664,0.10691934,0.0,0.533261,0.017662,0.006696,0.267969,48.4125,47.0551,26.5,0.0324,0.1,0.01296,0.04,-57.7648,5.754826944256018,4.943449317508418,0.0,0.0,0.0,0.0,0.0,0.0,0.0,0.0,0.0,0.0,0.0,0.0,0.0,0.0,0.0,0.0,0.0,0.0,3.0,5.0,6.47436e-314,43.5,0.0595513429711684,3.1161714535005176,-0.2500089866592993,3.0,0.326999,309.0,1.8548814497667747
89,89.0,89.0,89.0,89.0,89.0,89.0,101.0,93340.0,40.0,0.0407649700367142,0.005,0.001,0.004101174,0.005,0.001,0.002050587,0.002,0.0004,0.0015213,0.0015213,0.08715696,0.0,1.10826,0.050502,0.006803,0.249866,43.1129,56.1937,26.5,0.6335200000000001,0.1,0.25336,0.04,-54.3405,10.222430329756623,8.225345270405617,0.0,0.0,0.0,0.0,0.0,0.0,0.0,0.0,0.0,0.0,0.0,0.0,0.0,0.0,0.0,0.0,0.0,0.0,3.0,5.0,6.47465e-314,42.0,0.1244186243464976,2.289007232621262,0.0939736054834549,1.0,0.259688,934.0,0.7623487992561278
90,90.0,90.0,90.0,90.0,90.0,90.0,38.0,56721.0,21.0,0.0446036404160145,0.005,0.001,0.001086822,0.005,0.001,0.000543411,0.002,0.0004,0.00056166,0.00056166,0.08024742,0.0,1.11313,0.034328,0.004248,0.261319,41.9075,43.1078,26.5,0.6335200000000001,0.1,0.25344,0.04,-57.0352,9.258910370022122,7.353583506500858,0.0,0.0,0.0,0.0,0.0,0.0,0.0,0.0,0.0,0.0,0.0,0.0,0.0,0.0,0.0,0.0,0.0,0.0,3.0,5.0,4.28122e-314,43.0,0.2467094223085079,3.942128612041759,0.3233810937975055,1.0,0.192496,568.0,0.6944170819787014
91,91.0,91.0,91.0,91.0,91.0,91.0,213.0,95852.0,52.0,0.0460743760045785,0.005,0.001,0.001679238,0.005,0.001,0.000839619,0.002,0.0004,0.00096426,0.00096426,0.097581,0.0,1.42988,0.011452,0.003936,0.176148,60.2873,48.6699,26.5,0.03336,0.1,0.01336,0.04,-57.8802,8.952579153472499,7.099195311722158,0.0,0.0,0.0,0.0,0.0,0.0,0.0,0.0,0.0,0.0,0.0,0.0,0.0,0.0,0.0,0.0,0.0,0.0,3.0,5.0,6.4145e-314,40.5,0.2238928835907213,3.292203562395338,0.6560812727279477,2.0,0.491775,959.0,0.8738708289591678
92,92.0,92.0,92.0,92.0,92.0,92.0,43.0,22936.0,36.0,0.049220019950707,0.005,0.001,0.000677358,0.005,0.001,0.000338679,0.002,0.0004,0.00265452,0.00265452,0.0791241,0.0,0.603754,0.026203,0.003391,0.245675,31.5839,71.6209,26.5,0.382,0.1,0.1528,0.04,-56.1499,5.089488829109269,4.579682667602231,0.0,0.0,0.0,0.0,0.0,0.0,0.0,0.0,0.0,0.0,0.0,0.0,0.0,0.0,0.0,0.0,0.0,0.0,3.0,5.0,6.41236e-314,42.5,0.1352538554336306,2.8250276579076496,-0.2892408794346428,1.0,0.080172,230.0,0.9321730053842482
93,93.0,93.0,93.0,93.0,93.0,93.0,232.0,53001.0,1.0,0.0519034757732894,0.005,0.001,0.001313334,0.005,0.001,0.000656667,0.002,0.0004,0.00070818,0.00070818,0.12207954,0.0,0.841696,0.035067,0.002342,0.202685,53.4131,73.3929,26.5,0.0297599999999999,0.1,0.01192,0.04,-55.3116,9.135124531572755,7.249549474405916,0.0,0.0,0.0,0.0,0.0,0.0,0.0,0.0,0.0,0.0,0.0,0.0,0.0,0.0,0.0,0.0,0.0,0.0,3.0,5.0,0.0,45.5,0.1150086247817101,3.779844018254624,0.0769729108986926,1.0,0.111707,531.0,1.6499267018700488
94,94.0,94.0,94.0,94.0,94.0,94.0,74.0,28050.0,50.0,0.0460003081721874,0.005,0.001,0.0031152659999999,0.005,0.001,0.0015576329999999,0.002,0.0004,0.00137412,0.00137412,0.08646462,0.0,0.505387,0.003971,0.003638,0.236606,35.9801,84.8582,26.5,0.11176,0.1,0.04472,0.04,-57.2207,9.721212719142253,7.757667981363753,0.0,0.0,0.0,0.0,0.0,0.0,0.0,0.0,0.0,0.0,0.0,0.0,0.0,0.0,0.0,0.0,0.0,0.0,3.0,5.0,4.28503e-314,47.0,0.064768454020247,3.3994582458594382,0.1019253771532071,4.0,0.386341,281.0,1.511057950124905
95,95.0,95.0,95.0,95.0,95.0,95.0,238.0,26520.0,20.0,0.0381521608135111,0.005,0.001,0.00240306,0.005,0.001,0.00120153,0.002,0.0004,0.00524964,0.00524964,0.09109584,0.0,0.636181,0.024759,0.003806,0.300513,47.771,32.9172,26.5,0.78952,0.1,0.31584,0.04,-58.2612,5.831964404894534,4.9870274663132825,0.0,0.0,0.0,0.0,0.0,0.0,0.0,0.0,0.0,0.0,0.0,0.0,0.0,0.0,0.0,0.0,0.0,0.0,3.0,5.0,6.47098e-314,53.5,0.0689942432579516,3.18614377365514,-0.113292180104619,1.0,0.053291,266.0,10.302219548349134
96,96.0,96.0,96.0,96.0,96.0,96.0,39.0,61033.0,33.0,0.0423657005548875,0.005,0.001,0.002084346,0.005,0.001,0.001042173,0.002,0.0004,0.00256806,0.00256806,0.11586696,0.0,0.670649,0.028634,0.008212,0.289875,35.9476,85.1163,26.5,0.11808,0.1,0.04728,0.04,-55.0532,6.936473091003597,5.6495695835983355,0.0,0.0,0.0,0.0,0.0,0.0,0.0,0.0,0.0,0.0,0.0,0.0,0.0,0.0,0.0,0.0,0.0,0.0,3.0,5.0,6.47963e-314,51.0,0.0478350131887942,4.170507715602191,-0.1916858745625423,1.0,0.089422,611.0,0.0774027578475705
97,97.0,97.0,97.0,97.0,97.0,97.0,103.0,59288.0,88.0,0.0503156640619024,0.005,0.001,0.001479588,0.005,0.001,0.000739794,0.002,0.0004,0.0049302,0.0049302,0.10153242,0.0,0.792337,0.03906,0.001713,0.261304,48.1723,38.9807,26.5,0.06656,0.1,0.02664,0.04,-56.4593,5.2613793029828075,4.6717197223961975,0.0,0.0,0.0,0.0,0.0,0.0,0.0,0.0,0.0,0.0,0.0,0.0,0.0,0.0,0.0,0.0,0.0,0.0,3.0,5.0,6.4722e-314,56.0,0.0569602269311784,3.7518484206960734,-0.1031413131766401,2.0,0.415612,593.0,6.14310629514372
98,98.0,98.0,98.0,98.0,98.0,98.0,222.0,17368.0,68.0,0.0478516634550424,0.005,0.001,0.002840112,0.005,0.001,0.001420056,0.002,0.0004,0.00061842,0.00061842,0.06982536,0.0,0.73823,0.049368,0.008793,0.249851,28.1896,27.8534,26.5,1.23368,0.1,0.49344,0.04,-55.4688,11.655571085657332,9.75845410950144,0.0,0.0,0.0,0.0,0.0,0.0,0.0,0.0,0.0,0.0,0.0,0.0,0.0,0.0,0.0,0.0,0.0,0.0,3.0,5.0,0.0,24.5,0.1035792582510976,1.3574727098300692,-0.0135722859462849,1.0,0.13941,174.0,0.0838347646779162
99,99.0,99.0,99.0,99.0,99.0,99.0,161.0,48844.0,44.0,0.0485242168785226,0.005,0.001,0.00220341,0.005,0.001,0.001101705,0.002,0.0004,0.0006963,0.0006963,0.08129022,0.0,0.813395,0.04606,0.010708,0.239144,36.3017,51.0969,26.5,0.08992,0.1,0.036,0.04,-56.0625,10.675238854792264,8.676615892577354,0.0,0.0,0.0,0.0,0.0,0.0,0.0,0.0,0.0,0.0,0.0,0.0,0.0,0.0,0.0,0.0,0.0,0.0,3.0,5.0,0.0,15.0,0.2720563388494896,1.746455933671681,0.8068734525406234,2.0,0.360717,489.0,0.0560098807242176
