,Unnamed: 0.8,Unnamed: 0.7,Unnamed: 0.6,Unnamed: 0.5,Unnamed: 0.4,Unnamed: 0.3,Unnamed: 0.2,Unnamed: 0.1,Unnamed: 0,gTON_STN_MEAN_nS_pF,gTON_STN_SIGMA,gTON_STN_THETA,gTON_CL_S_MEAN_nS_pF,gTON_CL_S_SIGMA,gTON_CL_S_THETA,gTON_CL_D_MEAN_nS_pF,gTON_CL_D_SIGMA,gTON_CL_D_THETA,gKCC2_S_nS_pF,gKCC2_D_nS_pF,gTRPC3_nS_pF,gHCN_nS_pF,gCA_nS_pF,gL_nS_pF,gSK_nS_pF,gNAP_nS_pF,gNAF_nS_pF,gKDR_nS_pF,gSD_nS,soma_noise_intensity,soma_noise_intensity_theta,dend_noise_intensity,dend_noise_intensity_theta,Eleak_mV,CL_in_S,CL_in_D,Iapp,Iapp_dend,gpe_stim,gpe_stim_freqs,gpe_poisson,W_gpe,gpe_start_time,gpe_base_length,gpe_stim_length,gpe_post_length,str_stim,str_stim_freqs,str_poisson,W_str,str_start_time,str_base_length,str_stim_length,str_post_length,tausyn,tauexc,tausyn_dend,pre_exp_fr,pre_exp_cv,pre_exp_fr_zscore,pre_exp_cv_zscore,connections,total_weight,sim,rel_error
0,0.0,0.0,0.0,0.0,0.0,0.0,129.0,100410.0,10.0,0.0429240898475874,0.01,0.001,0.0052162,0.01,0.001,0.0052162,0.004,0.0004,0.00223872,0.00223872,0.171525,0.0,0.78543,0.077307,0.009171,0.258877,15.1649,50.7399,26.5,0.18672,0.1,0.07464,0.04,-60.5516,9.800901797475548,9.800901797475548,0.0,0.0,0.0,0.0,0.0,0.0,0.0,0.0,0.0,0.0,0.0,0.0,0.0,0.0,0.0,0.0,0.0,0.0,3.0,5.0,1e-323,2.0,0.2510161869900741,-0.5500417121811177,0.8460911995902759,2.0,0.815914,1005.0,0.0018187091584212
1,1.0,1.0,1.0,1.0,1.0,1.0,223.0,48987.0,87.0,0.0480638909380885,0.01,0.001,0.0012958,0.01,0.001,0.0012958,0.004,0.0004,0.00564036,0.00564036,0.092705,0.0,0.430305,0.048689,0.008068,0.169934,31.1721,38.8836,26.5,0.72624,0.1,0.29052,0.04,-57.8398,4.990394952825322,4.990394952825322,0.0,0.0,0.0,0.0,0.0,0.0,0.0,0.0,0.0,0.0,0.0,0.0,0.0,0.0,0.0,0.0,0.0,0.0,3.0,5.0,6.44555e-314,4.0,0.3617382682855741,-0.5472940684483523,1.1759202138682998,3.0,0.67847,490.0,0.0782889064418901
2,2.0,2.0,2.0,2.0,2.0,2.0,221.0,104463.0,63.0,0.0282582314119054,0.01,0.001,0.0032494,0.01,0.001,0.0032494,0.004,0.0004,0.0060192,0.0060192,0.090832,0.0,0.7338,0.042583,0.009785,0.183954,38.1829,51.1943,26.5,0.11148,0.1,0.0446399999999998,0.04,-56.615,6.109233025995184,6.109233025995184,0.0,0.0,0.0,0.0,0.0,0.0,0.0,0.0,0.0,0.0,0.0,0.0,0.0,0.0,0.0,0.0,0.0,0.0,3.0,5.0,6.43617e-314,4.0,0.0705989198123984,-1.0087926415777893,-0.8299131407662823,2.0,0.846957,1045.0,0.0061029615368163
3,3.0,3.0,3.0,3.0,3.0,3.0,150.0,78859.0,59.0,0.0632662155166482,0.01,0.001,0.0051304,0.01,0.001,0.0051304,0.004,0.0004,0.00128898,0.00128898,0.09451,0.0,0.533496,0.03053,0.007169,0.115043,12.8204,60.4706,26.5,0.13152,0.1,0.05256,0.04,-55.5179,11.293218155135179,11.293218155135179,0.0,0.0,0.0,0.0,0.0,0.0,0.0,0.0,0.0,0.0,0.0,0.0,0.0,0.0,0.0,0.0,0.0,0.0,3.0,5.0,6.48281e-314,3.0,0.3560571026154536,-0.90280820983851,1.1003922868336986,2.0,0.651833,789.0,0.0776641284698416
4,4.0,4.0,4.0,4.0,4.0,4.0,61.0,89698.0,98.0,0.0536733560886084,0.01,0.001,0.0108174,0.01,0.001,0.0108174,0.004,0.0004,0.00277662,0.00277662,0.044133,0.0,0.809074,0.025437,0.011965,0.163143,41.0137,64.4101,26.5,0.10248,0.1,0.04104,0.04,-61.0014,11.237348220755885,11.237348220755885,0.0,0.0,0.0,0.0,0.0,0.0,0.0,0.0,0.0,0.0,0.0,0.0,0.0,0.0,0.0,0.0,0.0,0.0,3.0,5.0,0.0,2.5,0.052821874679596,-0.7767360365327276,-0.5980756794776787,2.0,0.5510539999999999,897.0,0.1970366442995458
5,5.0,5.0,5.0,5.0,5.0,5.0,197.0,58161.0,61.0,0.0476111626432326,0.01,0.001,0.002299,0.01,0.001,0.002299,0.004,0.0004,0.00507342,0.00507342,0.102077,0.0,0.656789,0.037469,0.005557,0.235087,18.626,55.3847,26.5,1.35012,0.1,0.54,0.04,-59.3461,5.815990568232738,5.815990568232738,0.0,0.0,0.0,0.0,0.0,0.0,0.0,0.0,0.0,0.0,0.0,0.0,0.0,0.0,0.0,0.0,0.0,0.0,3.0,5.0,4.25287e-314,3.5,0.2052738035614249,-0.6658263976270694,0.3880631632932877,2.0,0.401877,582.0,0.0070577079726187
6,6.0,6.0,6.0,6.0,6.0,6.0,188.0,58164.0,64.0,0.0491832856798083,0.01,0.001,0.0093291,0.01,0.001,0.0093291,0.004,0.0004,0.00458106,0.00458106,0.074683,0.0,0.636782,0.044076,0.010724,0.15529,50.4488,63.0627,26.5,0.92076,0.1,0.36828,0.04,-60.5303,9.408030732735714,9.408030732735714,0.0,0.0,0.0,0.0,0.0,0.0,0.0,0.0,0.0,0.0,0.0,0.0,0.0,0.0,0.0,0.0,0.0,0.0,3.0,5.0,3.14384e-319,3.0,0.1471589176676803,-0.7329459941620562,0.0061029771133743,2.0,0.090351,582.0,0.0240742555080489
7,7.0,7.0,7.0,7.0,7.0,7.0,134.0,83141.0,41.0,0.0583402097167261,0.01,0.001,0.0054153,0.01,0.001,0.0054153,0.004,0.0004,0.00025542,0.00025542,0.106711,0.0,0.613854,0.048737,0.006151,0.126082,32.6539,48.2419,26.5,1.57092,0.1,0.62832,0.04,-59.5337,14.146706418567135,14.146706418567135,0.0,0.0,0.0,0.0,0.0,0.0,0.0,0.0,0.0,0.0,0.0,0.0,0.0,0.0,0.0,0.0,0.0,0.0,3.0,5.0,6.43493e-314,1.5,0.3396957864020186,-1.2288385601237133,1.1028568221413688,6.0,1.429099,832.0,0.0350690184902967
8,8.0,8.0,8.0,8.0,8.0,8.0,183.0,100149.0,49.0,0.0251706258616761,0.01,0.001,0.0031988,0.01,0.001,0.0031988,0.004,0.0004,0.00065604,0.00065604,0.160002,0.0,0.499531,0.046096,0.009387,0.165796,30.4724,38.8417,26.5,1.18044,0.1,0.4722,0.04,-58.2929,11.801131221593769,11.801131221593769,0.0,0.0,0.0,0.0,0.0,0.0,0.0,0.0,0.0,0.0,0.0,0.0,0.0,0.0,0.0,0.0,0.0,0.0,3.0,5.0,6.44635e-314,4.5,0.4096910142616522,-0.3922539140480572,1.4586193589853491,2.0,0.7943830000000001,1002.0,0.0018205478575616
9,9.0,9.0,9.0,9.0,9.0,9.0,102.0,1853.0,53.0,0.0264842918509426,0.01,0.001,0.0025718,0.01,0.001,0.0025718,0.004,0.0004,0.00389664,0.00389664,0.086169,0.0,0.798471,0.036765,0.008085,0.171093,33.7487,47.2315,26.5,0.1322399999999998,0.1,0.0529199999999999,0.04,-57.287,6.491602524572924,6.491602524572924,0.0,0.0,0.0,0.0,0.0,0.0,0.0,0.0,0.0,0.0,0.0,0.0,0.0,0.0,0.0,0.0,0.0,0.0,3.0,5.0,4.26863e-314,8.5,0.1154294022543187,0.0809781793206134,-0.3109615887683641,2.0,0.227193,19.0,0.0083678699331265
10,10.0,10.0,10.0,10.0,10.0,10.0,156.0,71137.0,37.0,0.0393099002766522,0.01,0.001,0.00374,0.01,0.001,0.00374,0.004,0.0004,0.0012441,0.0012441,0.097204,0.0,0.747414,0.03819,0.009838,0.194663,36.0366,51.5338,26.5,1.20084,0.1,0.4803599999999999,0.04,-55.9385,10.531820641215788,10.531820641215788,0.0,0.0,0.0,0.0,0.0,0.0,0.0,0.0,0.0,0.0,0.0,0.0,0.0,0.0,0.0,0.0,0.0,0.0,3.0,5.0,6.44739e-314,9.5,0.2824409159624964,0.188819648256702,0.3690583864324014,3.0,0.886979,712.0,0.0082042934133776
11,11.0,11.0,11.0,11.0,11.0,11.0,122.0,75850.0,50.0,0.0385573945860751,0.01,0.001,0.0028204,0.01,0.001,0.0028204,0.004,0.0004,0.00095898,0.00095898,0.12274,0.0,0.391837,0.04124,0.010711,0.129274,39.0439,48.4102,26.5,0.09804,0.1,0.03924,0.04,-56.399,10.47010402087184,10.47010402087184,0.0,0.0,0.0,0.0,0.0,0.0,0.0,0.0,0.0,0.0,0.0,0.0,0.0,0.0,0.0,0.0,0.0,0.0,3.0,5.0,4.24544e-314,8.5,0.4780396929864523,-0.0688713525107662,1.775647028339732,1.0,0.432949,759.0,2.9392843788103915e-05
12,12.0,12.0,12.0,12.0,12.0,12.0,151.0,75615.0,15.0,0.0517300703082958,0.01,0.001,0.0077847,0.01,0.001,0.0077847,0.004,0.0004,0.00227634,0.00227634,0.122829,0.0,0.51575,0.049081,0.008338,0.211983,43.2186,56.8005,26.5,0.14052,0.1,0.05628,0.04,-56.6847,10.888892231842943,10.888892231842943,0.0,0.0,0.0,0.0,0.0,0.0,0.0,0.0,0.0,0.0,0.0,0.0,0.0,0.0,0.0,0.0,0.0,0.0,3.0,5.0,0.0,9.0,0.3725361130790491,-0.1477942860075781,0.9943932815425996,3.0,0.872954,757.0,0.0084398847678001
13,13.0,13.0,13.0,13.0,13.0,13.0,167.0,42252.0,52.0,0.025319925345755,0.01,0.001,0.0021274,0.01,0.001,0.0021274,0.004,0.0004,0.00049236,0.00049236,0.112891,0.0,0.732641,0.044424,0.00803,0.146116,44.1692,53.0108,26.5,0.1191599999999999,0.1,0.0476399999999999,0.04,-57.7285,11.503568246604953,11.503568246604953,0.0,0.0,0.0,0.0,0.0,0.0,0.0,0.0,0.0,0.0,0.0,0.0,0.0,0.0,0.0,0.0,0.0,0.0,3.0,5.0,6.41321e-314,8.5,0.494507504299548,-0.1418973249540882,1.3162429017963329,2.0,0.240822,423.0,0.0083864631114698
14,14.0,14.0,14.0,14.0,14.0,14.0,89.0,74804.0,4.0,0.052831386215281,0.01,0.001,0.0024739,0.01,0.001,0.0024739,0.004,0.0004,0.0005709,0.0005709,0.096489,0.0,0.655395,0.04531,0.009221,0.16168,41.1366,52.1033,26.5,0.1248,0.1,0.0499199999999999,0.04,-55.8911,11.510858025869002,11.510858025869002,0.0,0.0,0.0,0.0,0.0,0.0,0.0,0.0,0.0,0.0,0.0,0.0,0.0,0.0,0.0,0.0,0.0,0.0,3.0,5.0,0.0,7.0,0.3495862436722388,-0.0164055077626972,1.627848448769258,3.0,0.952438,749.0,0.0177092187246343
15,15.0,15.0,15.0,15.0,15.0,15.0,97.0,102394.0,94.0,0.0531824063757388,0.01,0.001,0.0054395,0.01,0.001,0.0054395,0.004,0.0004,0.00031944,0.00031944,0.112145,0.0,0.707563,0.03049,0.010409,0.17571,36.0426,54.3682,26.5,1.12968,0.1,0.45192,0.04,-60.7226,13.933648766907147,13.933648766907147,0.0,0.0,0.0,0.0,0.0,0.0,0.0,0.0,0.0,0.0,0.0,0.0,0.0,0.0,0.0,0.0,0.0,0.0,3.0,5.0,6.47327e-314,8.0,0.2531674228492009,-0.218622931393375,0.5495789551185586,1.0,0.375307,1024.0,0.0039239489357266
16,16.0,16.0,16.0,16.0,16.0,16.0,15.0,103745.0,45.0,0.0440542838069326,0.01,0.001,0.0065571,0.01,0.001,0.0065571,0.004,0.0004,0.00066726,0.00066726,0.10326,0.0,0.677797,0.039555,0.008847,0.149091,38.5793,40.4266,26.5,1.30416,0.1,0.52164,0.04,-57.1206,13.206402154830034,13.206402154830034,0.0,0.0,0.0,0.0,0.0,0.0,0.0,0.0,0.0,0.0,0.0,0.0,0.0,0.0,0.0,0.0,0.0,0.0,3.0,5.0,0.0,8.5,0.2896728434639072,0.0929826880266719,1.1388045429097051,1.0,0.40011,1038.0,0.007382733772461
17,17.0,17.0,17.0,17.0,17.0,17.0,242.0,101264.0,64.0,0.0314479973794602,0.01,0.001,0.0024343,0.01,0.001,0.0024343,0.004,0.0004,0.00155232,0.00155232,0.098683,0.0,0.710446,0.042193,0.009053,0.158258,31.4235,53.4951,26.5,0.1284,0.1,0.05136,0.04,-58.816,8.651122877580262,8.651122877580262,0.0,0.0,0.0,0.0,0.0,0.0,0.0,0.0,0.0,0.0,0.0,0.0,0.0,0.0,0.0,0.0,0.0,0.0,3.0,5.0,3.14384e-319,6.5,0.1179341149823996,-0.7103791575335612,-0.3601692531625181,1.0,0.354322,1013.0,0.0036510233765261
18,18.0,18.0,18.0,18.0,18.0,18.0,147.0,15971.0,71.0,0.0726194859418959,0.01,0.001,0.0009119,0.01,0.001,0.0009119,0.004,0.0004,0.00210012,0.00210012,0.130229,0.0,0.845157,0.039258,0.009076,0.160524,32.49,37.8645,26.5,1.47144,0.1,0.5885999999999999,0.04,-57.7729,5.749955261644347,5.749955261644347,0.0,0.0,0.0,0.0,0.0,0.0,0.0,0.0,0.0,0.0,0.0,0.0,0.0,0.0,0.0,0.0,0.0,0.0,3.0,5.0,4.26683e-314,13.5,0.1779471608211121,0.6892917961675734,-0.0043208840240037,1.0,0.109984,160.0,0.0582987287684869
19,19.0,19.0,19.0,19.0,19.0,19.0,181.0,4182.0,82.0,0.049826128340934,0.01,0.001,0.0041668,0.01,0.001,0.0041668,0.004,0.0004,0.00102234,0.00102234,0.088918,0.0,0.70937,0.037866,0.008004,0.191805,39.1543,56.2533,26.5,1.3656,0.1,0.54624,0.04,-57.9234,11.3546342341462,11.3546342341462,0.0,0.0,0.0,0.0,0.0,0.0,0.0,0.0,0.0,0.0,0.0,0.0,0.0,0.0,0.0,0.0,0.0,0.0,3.0,5.0,6.47758e-314,10.5,0.176292471497847,0.5799926735248576,-0.2080246074023296,1.0,0.102979,42.0,0.0207079786065759
20,20.0,20.0,20.0,20.0,20.0,20.0,26.0,61006.0,6.0,0.0421912121536432,0.01,0.001,0.0029315,0.01,0.001,0.0029315,0.004,0.0004,0.00378444,0.00378444,0.107612,0.0,0.49744,0.038593,0.012606,0.205416,34.2086,51.1983,26.5,0.13884,0.1,0.05556,0.04,-54.8263,6.831559921462462,6.831559921462462,0.0,0.0,0.0,0.0,0.0,0.0,0.0,0.0,0.0,0.0,0.0,0.0,0.0,0.0,0.0,0.0,0.0,0.0,3.0,5.0,0.0,11.5,0.0793573006786904,0.423548662576226,-0.0486815412663126,1.0,0.137736,611.0,0.0383820043228952
21,21.0,21.0,21.0,21.0,21.0,21.0,216.0,12499.0,99.0,0.0291899697715959,0.01,0.001,0.003014,0.01,0.001,0.003014,0.004,0.0004,0.0021615,0.0021615,0.090098,0.0,0.738179,0.040877,0.00875,0.174312,43.957,30.5623,26.5,0.08508,0.1,0.03408,0.04,-56.1126,8.319530596082316,8.319530596082316,0.0,0.0,0.0,0.0,0.0,0.0,0.0,0.0,0.0,0.0,0.0,0.0,0.0,0.0,0.0,0.0,0.0,0.0,3.0,5.0,2.12725e-314,11.5,0.1682809982308427,0.3461069019321245,0.0153514841665969,1.0,0.115171,125.0,0.0807423050556524
22,22.0,22.0,22.0,22.0,22.0,22.0,192.0,101332.0,32.0,0.0643124168392361,0.01,0.001,0.0054054,0.01,0.001,0.0054054,0.004,0.0004,0.00797478,0.00797478,0.118599,0.0,0.667799,0.039405,0.010344,0.148101,35.7266,51.0389,26.5,1.07988,0.1,0.4319999999999999,0.04,-56.3912,6.545966120538919,6.545966120538919,0.0,0.0,0.0,0.0,0.0,0.0,0.0,0.0,0.0,0.0,0.0,0.0,0.0,0.0,0.0,0.0,0.0,0.0,3.0,5.0,4.11e-321,12.0,0.2783722412017607,0.5214831997315156,0.5137914117129497,1.0,0.403306,1014.0,0.0365327382077299
23,23.0,23.0,23.0,23.0,23.0,23.0,76.0,34591.0,91.0,0.0572107713454228,0.01,0.001,0.0031581,0.01,0.001,0.0031581,0.004,0.0004,0.00256806,0.00256806,0.102552,0.0,0.814171,0.035675,0.008939,0.16557,34.0964,43.6397,26.5,1.22352,0.1,0.4893599999999999,0.04,-56.09,7.974622803334296,7.974622803334296,0.0,0.0,0.0,0.0,0.0,0.0,0.0,0.0,0.0,0.0,0.0,0.0,0.0,0.0,0.0,0.0,0.0,0.0,3.0,5.0,4.24726e-314,15.0,0.1958913195968947,1.104092728703738,-0.2986610040864502,2.0,0.38007,346.0,0.039987468953693
24,24.0,24.0,24.0,24.0,24.0,24.0,141.0,24121.0,21.0,0.0277569110339526,0.01,0.001,0.0010835,0.01,0.001,0.0010835,0.004,0.0004,0.00021252,0.00021252,0.111692,0.0,0.785676,0.037941,0.011605,0.242746,37.1989,36.0446,26.5,0.85656,0.1,0.3426,0.04,-56.0436,11.907112826632659,11.907112826632659,0.0,0.0,0.0,0.0,0.0,0.0,0.0,0.0,0.0,0.0,0.0,0.0,0.0,0.0,0.0,0.0,0.0,0.0,3.0,5.0,4.25267e-314,13.5,0.1086859170487177,0.337601707425912,-0.1698934610330177,1.0,0.059864,242.0,0.2015567140014074
25,25.0,25.0,25.0,25.0,25.0,25.0,59.0,110357.0,57.0,0.0486102165402615,0.01,0.001,0.0062172,0.01,0.001,0.0062172,0.004,0.0004,0.00194172,0.00194172,0.092656,0.0,0.697925,0.024272,0.009788,0.18375,32.4448,32.8596,26.5,1.1760000000000002,0.1,0.4704,0.04,-57.757,10.707890710504689,10.707890710504689,0.0,0.0,0.0,0.0,0.0,0.0,0.0,0.0,0.0,0.0,0.0,0.0,0.0,0.0,0.0,0.0,0.0,0.0,3.0,5.0,4.26391e-314,13.5,0.2518934281777235,0.7180236346487233,0.2727755679555085,1.0,0.449987,1104.0,0.0185065540179815
26,26.0,26.0,26.0,26.0,26.0,26.0,154.0,78338.0,38.0,0.0400694081417944,0.01,0.001,0.0084326,0.01,0.001,0.0084326,0.004,0.0004,0.0020592,0.0020592,0.125749,0.0,0.940776,0.048429,0.010012,0.17853,37.8195,45.6847,26.5,1.26228,0.1,0.50496,0.04,-58.1594,11.366827001770115,11.366827001770115,0.0,0.0,0.0,0.0,0.0,0.0,0.0,0.0,0.0,0.0,0.0,0.0,0.0,0.0,0.0,0.0,0.0,0.0,3.0,5.0,4.28057e-314,12.5,0.0584414759591098,0.4138199439413568,-0.9554411060123882,0.0,0.0,784.0,0.1349879172091372
27,27.0,27.0,27.0,27.0,27.0,27.0,44.0,120838.0,38.0,0.0740349177875688,0.01,0.001,0.0020108,0.01,0.001,0.0020108,0.004,0.0004,0.00465366,0.00465366,0.124585,0.0,1.14184,0.023016,0.009319,0.186819,29.6224,43.9336,26.5,0.14376,0.1,0.05748,0.04,-57.5248,5.742504455631773,5.742504455631773,0.0,0.0,0.0,0.0,0.0,0.0,0.0,0.0,0.0,0.0,0.0,0.0,0.0,0.0,0.0,0.0,0.0,0.0,3.0,5.0,4.27978e-314,13.0,0.2656944401746637,0.4747132992542164,0.6714451026462563,2.0,0.858376,1209.0,0.0233075898357955
28,28.0,28.0,28.0,28.0,28.0,28.0,28.0,76101.0,1.0,0.0401827995092026,0.01,0.001,0.0071192,0.01,0.001,0.0071192,0.004,0.0004,0.00321882,0.00321882,0.139255,0.0,0.959344,0.03745,0.011965,0.176048,35.9093,46.1476,26.5,1.34088,0.1,0.5364,0.04,-58.5398,9.649127777834185,9.649127777834185,0.0,0.0,0.0,0.0,0.0,0.0,0.0,0.0,0.0,0.0,0.0,0.0,0.0,0.0,0.0,0.0,0.0,0.0,3.0,5.0,0.0,15.0,0.1151673104546604,0.7673168766386821,-0.6258785066599097,1.0,0.236578,762.0,0.0530191944756597
29,29.0,29.0,29.0,29.0,29.0,29.0,50.0,49470.0,70.0,0.0528725651485803,0.01,0.001,0.0047201,0.01,0.001,0.0047201,0.004,0.0004,0.00137412,0.00137412,0.097353,0.0,0.800857,0.02436,0.00954,0.110521,39.2931,38.8521,26.5,0.11052,0.1,0.04416,0.04,-54.1004,10.900944490446197,10.900944490446197,0.0,0.0,0.0,0.0,0.0,0.0,0.0,0.0,0.0,0.0,0.0,0.0,0.0,0.0,0.0,0.0,0.0,0.0,3.0,5.0,6.43945e-314,11.5,0.2307279149835355,0.4042280483453833,0.3482490937500056,1.0,0.202567,495.0,0.0110902251156885
30,30.0,30.0,30.0,30.0,30.0,30.0,180.0,124678.0,78.0,0.0584878848459787,0.01,0.001,0.0063657,0.01,0.001,0.0063657,0.004,0.0004,0.00250338,0.00250338,0.107439,0.0,0.7163,0.039062,0.006143,0.181688,40.9857,62.7941,26.5,0.10704,0.1,0.0428399999999999,0.04,-56.2396,10.054365777832224,10.054365777832224,0.0,0.0,0.0,0.0,0.0,0.0,0.0,0.0,0.0,0.0,0.0,0.0,0.0,0.0,0.0,0.0,0.0,0.0,3.0,5.0,6.4742e-314,15.5,0.1963284117764628,0.7335809276288251,0.7181443123102257,1.0,0.297461,1247.0,0.0234841943090343
31,31.0,31.0,31.0,31.0,31.0,31.0,218.0,44251.0,51.0,0.0457012110457029,0.01,0.001,0.0052195,0.01,0.001,0.0052195,0.004,0.0004,0.00073194,0.00073194,0.125706,0.0,0.836427,0.031761,0.009391,0.187284,37.5066,51.4729,26.5,0.10332,0.1,0.0414,0.04,-57.6745,12.633229510766517,12.633229510766517,0.0,0.0,0.0,0.0,0.0,0.0,0.0,0.0,0.0,0.0,0.0,0.0,0.0,0.0,0.0,0.0,0.0,0.0,3.0,5.0,4.26302e-314,18.5,0.1820104393419271,1.2784960396933365,-0.007075049278676,1.0,0.237329,443.0,0.1168613417180725
32,32.0,32.0,32.0,32.0,32.0,32.0,163.0,29282.0,82.0,0.0353200048340584,0.01,0.001,0.0025245,0.01,0.001,0.0025245,0.004,0.0004,0.0006336,0.0006336,0.131414,0.0,0.907811,0.029565,0.008505,0.146514,40.2116,29.4384,26.5,0.07572,0.1,0.03024,0.04,-58.2404,11.295942375370151,11.295942375370151,0.0,0.0,0.0,0.0,0.0,0.0,0.0,0.0,0.0,0.0,0.0,0.0,0.0,0.0,0.0,0.0,0.0,0.0,3.0,5.0,6.47529e-314,17.0,0.1613452548061742,0.6255045953442887,0.3054190898036529,2.0,0.207413,293.0,0.2510448104607579
33,33.0,33.0,33.0,33.0,33.0,33.0,64.0,111143.0,43.0,0.0277528064776461,0.01,0.001,0.0072875,0.01,0.001,0.0072875,0.004,0.0004,0.00411576,0.00411576,0.135558,0.0,0.925473,0.0365,0.009581,0.188346,40.5837,50.866,26.5,1.15884,0.1,0.4635599999999999,0.04,-57.8781,9.000671900384932,9.000671900384932,0.0,0.0,0.0,0.0,0.0,0.0,0.0,0.0,0.0,0.0,0.0,0.0,0.0,0.0,0.0,0.0,0.0,0.0,3.0,5.0,0.0,17.0,0.2933701528645736,1.156987173353478,0.6452197602342306,3.0,1.17067,1112.0,0.0995130480478412
34,34.0,34.0,34.0,34.0,34.0,34.0,48.0,972.0,72.0,0.0338121994630244,0.01,0.001,0.0060929,0.01,0.001,0.0060929,0.004,0.0004,0.0030624,0.0030624,0.118853,0.0,0.671788,0.039536,0.009775,0.159926,35.6932,45.2528,26.5,1.12332,0.1,0.44928,0.04,-55.5296,9.340050628135472,9.340050628135472,0.0,0.0,0.0,0.0,0.0,0.0,0.0,0.0,0.0,0.0,0.0,0.0,0.0,0.0,0.0,0.0,0.0,0.0,3.0,5.0,0.0,17.0,0.1445085339506019,1.4313599986629175,-0.5257292179711585,1.0,0.099615,10.0,0.1206927222962443
35,35.0,35.0,35.0,35.0,35.0,35.0,190.0,44100.0,0.0,0.0474306205108208,0.01,0.001,0.0067386,0.01,0.001,0.0067386,0.004,0.0004,0.00064152,0.00064152,0.129261,0.0,0.566293,0.051587,0.007175,0.221182,34.3363,58.2285,26.5,1.42656,0.1,0.5705999999999999,0.04,-56.8218,13.311016052272318,13.311016052272318,0.0,0.0,0.0,0.0,0.0,0.0,0.0,0.0,0.0,0.0,0.0,0.0,0.0,0.0,0.0,0.0,0.0,0.0,3.0,5.0,6.46758e-314,18.0,0.1390749749688081,1.38398715790221,-0.4544725203008993,1.0,0.210109,442.0,0.098451872204086
36,36.0,36.0,36.0,36.0,36.0,36.0,86.0,80365.0,65.0,0.0517004161212721,0.01,0.001,0.0029601,0.01,0.001,0.0029601,0.004,0.0004,0.00063294,0.00063294,0.097717,0.0,0.634003,0.047309,0.006194,0.236617,30.5806,47.8137,26.5,0.86328,0.1,0.34536,0.04,-54.3827,11.700137897064263,11.700137897064263,0.0,0.0,0.0,0.0,0.0,0.0,0.0,0.0,0.0,0.0,0.0,0.0,0.0,0.0,0.0,0.0,0.0,0.0,3.0,5.0,6.44226e-314,16.0,0.2746524719487551,1.320252683460153,0.891061521546561,2.0,0.577625,804.0,0.0596327337802593
37,37.0,37.0,37.0,37.0,37.0,37.0,153.0,11941.0,41.0,0.0584173385034433,0.01,0.001,0.000748,0.01,0.001,0.000748,0.004,0.0004,0.00218988,0.00218988,0.121019,0.0,0.838432,0.045594,0.005488,0.161376,38.2499,51.8679,26.5,0.8400000000000001,0.1,0.336,0.04,-56.6927,5.416353896332301,5.416353896332301,0.0,0.0,0.0,0.0,0.0,0.0,0.0,0.0,0.0,0.0,0.0,0.0,0.0,0.0,0.0,0.0,0.0,0.0,3.0,5.0,6.41353e-314,18.0,0.1816544079224633,1.6644621754098936,-0.0315568059334071,2.0,0.185615,120.0,0.1485121269402699
38,38.0,38.0,38.0,38.0,38.0,38.0,187.0,42285.0,85.0,0.0559850391665272,0.01,0.001,0.0035662,0.01,0.001,0.0035662,0.004,0.0004,0.0008184,0.0008184,0.120409,0.0,0.550586,0.035168,0.010013,0.195592,34.2645,50.3608,26.5,0.1095599999999999,0.1,0.0437999999999998,0.04,-57.9142,11.52487215879184,11.52487215879184,0.0,0.0,0.0,0.0,0.0,0.0,0.0,0.0,0.0,0.0,0.0,0.0,0.0,0.0,0.0,0.0,0.0,0.0,3.0,5.0,4.25115e-314,17.0,0.2285255985251476,0.8978675561750065,0.1419893549225316,2.0,0.485426,423.0,0.0101258717963971
39,39.0,39.0,39.0,39.0,39.0,39.0,204.0,85041.0,41.0,0.0648637979431453,0.01,0.001,0.0034023,0.01,0.001,0.0034023,0.004,0.0004,0.00048246,0.00048246,0.097202,0.0,0.790571,0.029749,0.009284,0.232551,30.2355,65.4053,26.5,0.11016,0.1,0.0440399999999998,0.04,-57.9266,12.611174748612626,12.611174748612626,0.0,0.0,0.0,0.0,0.0,0.0,0.0,0.0,0.0,0.0,0.0,0.0,0.0,0.0,0.0,0.0,0.0,0.0,3.0,5.0,6.47046e-314,19.5,0.12085780811689,1.2904294823175235,-0.1056412275856198,1.0,0.222095,851.0,0.1144499512073995
40,40.0,40.0,40.0,40.0,40.0,40.0,16.0,60088.0,88.0,0.0491522640675969,0.01,0.001,0.0012122,0.01,0.001,0.0012122,0.004,0.0004,0.0026162399999999,0.0026162399999999,0.105033,0.0,0.966678,0.016812,0.010501,0.175653,36.6325,30.9438,26.5,0.10596,0.1,0.04236,0.04,-55.9236,5.851236275314287,5.851236275314287,0.0,0.0,0.0,0.0,0.0,0.0,0.0,0.0,0.0,0.0,0.0,0.0,0.0,0.0,0.0,0.0,0.0,0.0,3.0,5.0,6.40995e-314,16.0,0.2854619022450324,0.5276431840801881,0.6024260775877389,3.0,0.819856,601.0,0.0837632090945202
41,41.0,41.0,41.0,41.0,41.0,41.0,93.0,67077.0,77.0,0.0472183418048637,0.01,0.001,0.0066649,0.01,0.001,0.0066649,0.004,0.0004,0.0024816,0.0024816,0.162182,0.0,0.737567,0.015612,0.00871,0.133947,27.0416,28.0711,26.5,0.0197999999999999,0.1,0.00792,0.04,-58.7986,10.211664116959124,10.211664116959124,0.0,0.0,0.0,0.0,0.0,0.0,0.0,0.0,0.0,0.0,0.0,0.0,0.0,0.0,0.0,0.0,0.0,0.0,3.0,5.0,4.26944e-314,20.0,0.1809015514150355,1.2794282113154671,0.4401643955576274,1.0,0.352121,671.0,0.1031628296957113
42,42.0,42.0,42.0,42.0,42.0,42.0,217.0,11296.0,96.0,0.036691710634701,0.01,0.001,0.0014388,0.01,0.001,0.0014388,0.004,0.0004,0.00139788,0.00139788,0.110632,0.0,0.659977,0.034486,0.008537,0.215517,46.5294,39.4621,26.5,0.1176,0.1,0.04704,0.04,-58.6915,7.50849960347247,7.50849960347247,0.0,0.0,0.0,0.0,0.0,0.0,0.0,0.0,0.0,0.0,0.0,0.0,0.0,0.0,0.0,0.0,0.0,0.0,3.0,5.0,6.48285e-314,19.0,0.0932214976623693,1.4044663279989216,-0.2274993541023834,1.0,0.058558,113.0,0.0307116945273505
43,43.0,43.0,43.0,43.0,43.0,43.0,71.0,21607.0,7.0,0.0499224523931589,0.01,0.001,0.0030228,0.01,0.001,0.0030228,0.004,0.0004,0.00066132,0.00066132,0.076345,0.0,0.795519,0.039331,0.004874,0.169365,46.1133,54.0193,26.5,0.135,0.1,0.0539999999999999,0.04,-57.0061,11.643915439846028,11.643915439846028,0.0,0.0,0.0,0.0,0.0,0.0,0.0,0.0,0.0,0.0,0.0,0.0,0.0,0.0,0.0,0.0,0.0,0.0,3.0,5.0,0.0,15.5,0.1431466532866173,0.5018531672878964,-0.0277090807156079,2.0,0.161585,217.0,0.0724591015494246
44,44.0,44.0,44.0,44.0,44.0,44.0,81.0,1184.0,84.0,0.032502360977113,0.01,0.001,0.0035233,0.01,0.001,0.0035233,0.004,0.0004,0.0038346,0.0038346,0.106811,0.0,0.687243,0.038769,0.009482,0.169872,33.2987,49.8976,26.5,1.2100799999999998,0.1,0.48408,0.04,-55.2155,7.227412456656875,7.227412456656875,0.0,0.0,0.0,0.0,0.0,0.0,0.0,0.0,0.0,0.0,0.0,0.0,0.0,0.0,0.0,0.0,0.0,0.0,3.0,5.0,6.43431e-314,16.5,0.0982037041004295,1.294415931678317,-0.5877727899375956,1.0,0.103169,12.0,0.1832396903052286
45,45.0,45.0,45.0,45.0,45.0,45.0,168.0,22510.0,10.0,0.035829578389671,0.01,0.001,0.0034408,0.01,0.001,0.0034408,0.004,0.0004,0.00209616,0.00209616,0.117755,0.0,0.784945,0.047659,0.004951,0.221608,42.3168,77.2786,26.5,1.44792,0.1,0.5792399999999999,0.04,-59.6367,8.78199168893214,8.78199168893214,0.0,0.0,0.0,0.0,0.0,0.0,0.0,0.0,0.0,0.0,0.0,0.0,0.0,0.0,0.0,0.0,0.0,0.0,3.0,5.0,1e-323,18.0,0.186832725330805,1.08509837977487,0.3470558812825028,3.0,0.276453,226.0,0.0102339257310967
46,46.0,46.0,46.0,46.0,46.0,46.0,25.0,52061.0,61.0,0.0410371550387439,0.01,0.001,0.0025751,0.01,0.001,0.0025751,0.004,0.0004,0.00076032,0.00076032,0.14256,0.0,0.703476,0.035929,0.012077,0.235237,48.4711,39.5731,26.5,0.13296,0.1,0.05316,0.04,-57.6756,10.862457473442834,10.862457473442834,0.0,0.0,0.0,0.0,0.0,0.0,0.0,0.0,0.0,0.0,0.0,0.0,0.0,0.0,0.0,0.0,0.0,0.0,3.0,5.0,4.24578e-314,17.5,0.1212918359806188,0.8355966076641852,-0.008591356566217,3.0,0.562552,521.0,0.0762843806492614
47,47.0,47.0,47.0,47.0,47.0,47.0,212.0,62063.0,63.0,0.0463157700243565,0.01,0.001,0.0031856,0.01,0.001,0.0031856,0.004,0.0004,0.00201696,0.00201696,0.083783,0.0,0.909076,0.022494,0.001273,0.148739,30.1808,29.1558,26.5,0.12228,0.1,0.0488399999999999,0.04,-56.528,8.67151600755898,8.67151600755898,0.0,0.0,0.0,0.0,0.0,0.0,0.0,0.0,0.0,0.0,0.0,0.0,0.0,0.0,0.0,0.0,0.0,0.0,3.0,5.0,6.40951e-314,20.5,0.100988636438352,1.291532829213416,0.4635315614324083,2.0,0.283916,621.0,0.0175492678187006
48,48.0,48.0,48.0,48.0,48.0,48.0,8.0,55864.0,64.0,0.0408772485866571,0.01,0.001,0.0021615,0.01,0.001,0.0021615,0.004,0.0004,0.00225192,0.00225192,0.137742,0.0,0.832509,0.046036,0.010998,0.233996,50.7487,26.948,26.5,0.081,0.1,0.0324,0.04,-57.7783,7.33397148865571,7.33397148865571,0.0,0.0,0.0,0.0,0.0,0.0,0.0,0.0,0.0,0.0,0.0,0.0,0.0,0.0,0.0,0.0,0.0,0.0,3.0,5.0,3.14384e-319,20.5,0.0922934771277733,1.5487585343183266,-0.3803883647754881,1.0,0.051684,559.0,0.0967982720735833
49,49.0,49.0,49.0,49.0,49.0,49.0,222.0,17368.0,68.0,0.0446837200234662,0.01,0.001,0.0108174,0.01,0.001,0.0108174,0.004,0.0004,0.00277662,0.00277662,0.105796,0.0,0.73823,0.049368,0.008793,0.249851,28.1896,27.8534,26.5,1.85052,0.1,0.7401599999999999,0.04,-55.4688,11.237348220755885,11.237348220755885,0.0,0.0,0.0,0.0,0.0,0.0,0.0,0.0,0.0,0.0,0.0,0.0,0.0,0.0,0.0,0.0,0.0,0.0,3.0,5.0,0.0,24.5,0.1035792582510976,1.3574727098300692,-0.0135722859462849,1.0,0.13941,174.0,0.0838347646779162
50,50.0,50.0,50.0,50.0,50.0,50.0,84.0,127005.0,5.0,0.0435191592814633,0.01,0.001,0.0011924,0.01,0.001,0.0011924,0.004,0.0004,0.00199716,0.00199716,0.133348,0.0,0.186576,0.032667,0.01237,0.230148,44.0754,77.2903,26.5,0.0440399999999998,0.1,0.01764,0.04,-57.9234,6.294689985044177,6.294689985044177,0.0,0.0,0.0,0.0,0.0,0.0,0.0,0.0,0.0,0.0,0.0,0.0,0.0,0.0,0.0,0.0,0.0,0.0,3.0,5.0,0.0,22.0,0.132859906548268,1.0503925806471106,-0.0416977022472413,3.0,1.0374560000000002,1271.0,0.249125745212017
51,51.0,51.0,51.0,51.0,51.0,51.0,114.0,57567.0,67.0,0.0269081061401763,0.01,0.001,0.0081455,0.01,0.001,0.0081455,0.004,0.0004,0.00084414,0.00084414,0.146692,0.0,0.735958,0.035456,0.007325,0.195859,30.5441,59.2191,26.5,0.5866800000000001,0.1,0.2347199999999998,0.04,-58.1047,13.176950133774922,13.176950133774922,0.0,0.0,0.0,0.0,0.0,0.0,0.0,0.0,0.0,0.0,0.0,0.0,0.0,0.0,0.0,0.0,0.0,0.0,3.0,5.0,4.24816e-314,23.0,0.2021068276548624,1.8598470791211923,0.302335044186732,3.0,0.748523,576.0,0.0559030343147575
52,52.0,52.0,52.0,52.0,52.0,52.0,62.0,55193.0,93.0,0.038555220606625,0.01,0.001,0.0035332,0.01,0.001,0.0035332,0.004,0.0004,0.0017754,0.0017754,0.17112,0.0,0.435333,0.040368,0.005809,0.231387,35.1991,31.3488,26.5,1.23732,0.1,0.495,0.04,-61.3484,9.340789116297273,9.340789116297273,0.0,0.0,0.0,0.0,0.0,0.0,0.0,0.0,0.0,0.0,0.0,0.0,0.0,0.0,0.0,0.0,0.0,0.0,3.0,5.0,6.47678e-314,23.5,0.1706295830980593,1.606014226894893,0.422252460729568,2.0,0.231447,552.0,0.0132417492355489
53,53.0,53.0,53.0,53.0,53.0,53.0,94.0,54745.0,45.0,0.0226689221755314,0.01,0.001,0.0025641,0.01,0.001,0.0025641,0.004,0.0004,0.00584958,0.00584958,0.109628,0.0,0.688839,0.046144,0.007535,0.267334,26.1469,49.9286,26.5,0.7705199999999999,0.1,0.30816,0.04,-57.5881,5.76440743075184,5.76440743075184,0.0,0.0,0.0,0.0,0.0,0.0,0.0,0.0,0.0,0.0,0.0,0.0,0.0,0.0,0.0,0.0,0.0,0.0,3.0,5.0,0.0,20.5,0.1727520956676436,1.2322270814246383,0.3612935028005978,2.0,0.337206,548.0,0.0374540195345945
54,54.0,54.0,54.0,54.0,54.0,54.0,240.0,65085.0,85.0,0.0460070245765213,0.01,0.001,0.0051799,0.01,0.001,0.0051799,0.004,0.0004,0.00063756,0.00063756,0.139965,0.0,0.469438,0.039782,0.007304,0.158764,37.1456,53.5085,26.5,0.159,0.1,0.0636,0.04,-56.4363,12.880557181174598,12.880557181174598,0.0,0.0,0.0,0.0,0.0,0.0,0.0,0.0,0.0,0.0,0.0,0.0,0.0,0.0,0.0,0.0,0.0,0.0,3.0,5.0,4.2481e-314,21.5,0.2722272051275883,1.047704028535145,0.8072356206235789,1.0,0.146926,651.0,0.0873895049172111
55,55.0,55.0,55.0,55.0,55.0,55.0,34.0,66402.0,2.0,0.0260938024074662,0.01,0.001,0.0053471,0.01,0.001,0.0053471,0.004,0.0004,0.0002838,0.0002838,0.199406,0.0,0.697961,0.043449,0.004988,0.116859,47.9974,33.1802,26.5,0.0778799999999998,0.1,0.0310799999999999,0.04,-58.9593,14.036787217628284,14.036787217628284,0.0,0.0,0.0,0.0,0.0,0.0,0.0,0.0,0.0,0.0,0.0,0.0,0.0,0.0,0.0,0.0,0.0,0.0,3.0,5.0,0.0,24.0,0.1685231045542306,1.4327673761885136,0.2504689209474665,1.0,0.220953,665.0,0.3990539296554431
56,56.0,56.0,56.0,56.0,56.0,56.0,146.0,3629.0,29.0,0.0345444187012947,0.01,0.001,0.0045254,0.01,0.001,0.0045254,0.004,0.0004,0.0007491,0.0007491,0.126259,0.0,0.660265,0.033736,0.009304,0.213293,28.2365,61.7045,26.5,0.11016,0.1,0.0440399999999998,0.04,-58.3804,12.290289144106689,12.290289144106689,0.0,0.0,0.0,0.0,0.0,0.0,0.0,0.0,0.0,0.0,0.0,0.0,0.0,0.0,0.0,0.0,0.0,0.0,3.0,5.0,6.47198e-314,23.5,0.1066525936938121,2.632879116631784,-0.4748107735446237,1.0,0.101455,37.0,0.3068320159652211
57,57.0,57.0,57.0,57.0,57.0,57.0,33.0,94115.0,15.0,0.0453905977010023,0.01,0.001,0.0011891,0.01,0.001,0.0011891,0.004,0.0004,0.00053856,0.00053856,0.08417,0.0,0.659256,0.038613,0.004049,0.173831,64.8782,53.3018,26.5,1.44228,0.1,0.5769599999999999,0.04,-56.9283,9.644087906326064,9.644087906326064,0.0,0.0,0.0,0.0,0.0,0.0,0.0,0.0,0.0,0.0,0.0,0.0,0.0,0.0,0.0,0.0,0.0,0.0,3.0,5.0,0.0,22.5,0.1840736719550773,0.9205842388965052,0.2748877971837641,2.0,0.473259,942.0,0.0912634393145048
58,58.0,58.0,58.0,58.0,58.0,58.0,155.0,129883.0,83.0,0.0448264106836239,0.01,0.001,0.0034837,0.01,0.001,0.0034837,0.004,0.0004,0.00354288,0.00354288,0.144092,0.0,0.737601,0.031281,0.006265,0.187922,32.9914,48.0934,26.5,0.19272,0.1,0.07716,0.04,-57.6565,7.393718693636733,7.393718693636733,0.0,0.0,0.0,0.0,0.0,0.0,0.0,0.0,0.0,0.0,0.0,0.0,0.0,0.0,0.0,0.0,0.0,0.0,3.0,5.0,6.44593e-314,21.5,0.49585449312968,1.258910925746269,1.8777334176502725,4.0,1.795145,1299.0,0.5916679298614411
59,59.0,59.0,59.0,59.0,59.0,59.0,42.0,59725.0,25.0,0.0527905982132223,0.01,0.001,0.0033528,0.01,0.001,0.0033528,0.004,0.0004,0.0024981,0.0024981,0.134088,0.0,0.492508,0.040485,0.007895,0.16807,59.1693,39.5836,26.5,1.542,0.1,0.6167999999999998,0.04,-58.2088,8.213468191458162,8.213468191458162,0.0,0.0,0.0,0.0,0.0,0.0,0.0,0.0,0.0,0.0,0.0,0.0,0.0,0.0,0.0,0.0,0.0,0.0,3.0,5.0,4.27935e-314,23.5,0.131857188205383,1.0738652342472674,0.2709895492827482,2.0,0.506871,598.0,0.079956399481668
60,60.0,60.0,60.0,60.0,60.0,60.0,215.0,79985.0,85.0,0.0517288015312673,0.01,0.001,0.0066924,0.01,0.001,0.0066924,0.004,0.0004,0.002178,0.002178,0.143312,0.0,0.708161,0.048404,0.010053,0.232016,54.7636,52.0571,26.5,1.2317999999999998,0.1,0.49272,0.04,-55.5915,10.59321200402559,10.59321200402559,0.0,0.0,0.0,0.0,0.0,0.0,0.0,0.0,0.0,0.0,0.0,0.0,0.0,0.0,0.0,0.0,0.0,0.0,3.0,5.0,4.28417e-314,24.0,0.2834478688278812,2.8072082229554622,0.6108692930639612,2.0,0.68435,800.0,0.1650289320120719
61,61.0,61.0,61.0,61.0,61.0,61.0,11.0,22329.0,29.0,0.0503931797963694,0.01,0.001,0.0057123,0.01,0.001,0.0057123,0.004,0.0004,0.00133056,0.00133056,0.109492,0.0,0.289897,0.03398,0.006271,0.231589,30.6859,53.1024,26.5,0.7179599999999998,0.1,0.2871599999999999,0.04,-59.0074,11.48734315525231,11.48734315525231,0.0,0.0,0.0,0.0,0.0,0.0,0.0,0.0,0.0,0.0,0.0,0.0,0.0,0.0,0.0,0.0,0.0,0.0,3.0,5.0,6.43783e-314,21.5,0.111166642776077,1.2188181782232914,-0.1432314663571619,1.0,0.091394,224.0,0.1387384257196768
62,62.0,62.0,62.0,62.0,62.0,62.0,85.0,124199.0,99.0,0.0667880070840976,0.01,0.001,0.0057068,0.01,0.001,0.0057068,0.004,0.0004,0.00150216,0.00150216,0.119259,0.0,0.714793,0.050899,0.006257,0.19332,34.1972,57.3209,26.5,0.76968,0.1,0.3077999999999999,0.04,-56.705,11.171159175459657,11.171159175459657,0.0,0.0,0.0,0.0,0.0,0.0,0.0,0.0,0.0,0.0,0.0,0.0,0.0,0.0,0.0,0.0,0.0,0.0,3.0,5.0,2.16073e-314,22.5,0.2570502370960266,1.6785701123194203,0.5292269699211475,1.0,0.206312,1242.0,0.3030575307532379
63,63.0,63.0,63.0,63.0,63.0,63.0,83.0,21315.0,15.0,0.0363570943940095,0.01,0.001,0.0108174,0.01,0.001,0.0108174,0.004,0.0004,0.00277662,0.00277662,0.10956,0.0,0.648212,0.029583,0.004924,0.195508,34.9521,42.5006,26.5,1.566,0.1,0.6263999999999998,0.04,-58.9818,11.237348220755885,11.237348220755885,0.0,0.0,0.0,0.0,0.0,0.0,0.0,0.0,0.0,0.0,0.0,0.0,0.0,0.0,0.0,0.0,0.0,0.0,3.0,5.0,0.0,24.0,0.1720689016273245,1.7172847256870876,0.0430588727866305,4.0,0.519732,214.0,0.2819163349857607
64,64.0,64.0,64.0,64.0,64.0,64.0,68.0,25071.0,71.0,0.0522152826469314,0.01,0.001,0.006226,0.01,0.001,0.006226,0.004,0.0004,0.0004686,0.0004686,0.121234,0.0,0.292935,0.042984,0.00681,0.248675,36.0381,50.1936,26.5,0.09132,0.1,0.03648,0.04,-59.0632,13.642369411200374,13.642369411200374,0.0,0.0,0.0,0.0,0.0,0.0,0.0,0.0,0.0,0.0,0.0,0.0,0.0,0.0,0.0,0.0,0.0,0.0,3.0,5.0,4.26177e-314,21.0,0.0843589825832732,1.4448266811142387,-0.1594567224895845,1.0,0.051963,251.0,0.2560936013768364
65,65.0,65.0,65.0,65.0,65.0,65.0,244.0,64254.0,54.0,0.063305004982761,0.01,0.001,0.0068827,0.01,0.001,0.0068827,0.004,0.0004,0.0019437,0.0019437,0.108543,0.0,0.65622,0.037975,0.005481,0.308398,31.2118,57.0492,26.5,0.11496,0.1,0.04596,0.04,-59.6363,10.983344371049089,10.983344371049089,0.0,0.0,0.0,0.0,0.0,0.0,0.0,0.0,0.0,0.0,0.0,0.0,0.0,0.0,0.0,0.0,0.0,0.0,3.0,5.0,6.44833e-314,29.5,0.0988989242895992,1.7662774145453493,0.0856113277437146,3.0,0.7383299999999999,643.0,1.5489918855033085
66,66.0,66.0,66.0,66.0,66.0,66.0,116.0,88739.0,39.0,0.0584640791453305,0.01,0.001,0.0008855,0.01,0.001,0.0008855,0.004,0.0004,0.00151866,0.00151866,0.107315,0.0,0.994288,0.015185,0.006955,0.220994,22.6642,50.5146,26.5,1.05432,0.1,0.4218,0.04,-57.5609,6.249989256559901,6.249989256559901,0.0,0.0,0.0,0.0,0.0,0.0,0.0,0.0,0.0,0.0,0.0,0.0,0.0,0.0,0.0,0.0,0.0,0.0,3.0,5.0,6.41383e-314,27.5,0.2910103802419589,2.1657042391067858,0.5813622478856836,1.0,0.328337,888.0,0.9496670296811116
67,67.0,67.0,67.0,67.0,67.0,67.0,148.0,13576.0,76.0,0.0615839488679986,0.01,0.001,0.0072567,0.01,0.001,0.0072567,0.004,0.0004,0.00155628,0.00155628,0.124307,0.0,0.515469,0.036178,0.0089,0.23355,33.9776,25.521,26.5,1.03932,0.1,0.4156799999999999,0.04,-55.2716,11.69286267156564,11.69286267156564,0.0,0.0,0.0,0.0,0.0,0.0,0.0,0.0,0.0,0.0,0.0,0.0,0.0,0.0,0.0,0.0,0.0,0.0,3.0,5.0,6.46793e-314,26.5,0.1225007221305094,2.6357901752432635,-0.2591683894158264,1.0,0.077251,136.0,0.3879894685804288
68,68.0,68.0,68.0,68.0,68.0,68.0,18.0,57269.0,69.0,0.0519774032927923,0.01,0.001,0.0084337,0.01,0.001,0.0084337,0.004,0.0004,0.00193908,0.00193908,0.1466,0.0,0.089404,0.033757,0.011329,0.170406,46.7291,50.9155,26.5,0.1390799999999999,0.1,0.05568,0.04,-58.9845,11.52013659128087,11.52013659128087,0.0,0.0,0.0,0.0,0.0,0.0,0.0,0.0,0.0,0.0,0.0,0.0,0.0,0.0,0.0,0.0,0.0,0.0,3.0,5.0,6.46968e-314,27.5,0.1911886694836547,2.1659092471406773,0.0638886948731283,3.0,0.5927370000000001,573.0,0.0666525492036146
69,69.0,69.0,69.0,69.0,69.0,69.0,3.0,4862.0,62.0,0.0581095050348834,0.01,0.001,0.0036894,0.01,0.001,0.0036894,0.004,0.0004,0.00226644,0.00226644,0.113645,0.0,0.643475,0.039086,0.008467,0.193632,41.0015,48.393,26.5,0.12552,0.1,0.0501599999999999,0.04,-55.0251,8.758027340037387,8.758027340037387,0.0,0.0,0.0,0.0,0.0,0.0,0.0,0.0,0.0,0.0,0.0,0.0,0.0,0.0,0.0,0.0,0.0,0.0,3.0,5.0,0.0,27.0,0.1567934198163745,3.4571049864746715,-0.193315018095703,1.0,0.102837,49.0,0.0063964066827954
70,70.0,70.0,70.0,70.0,70.0,70.0,173.0,97522.0,22.0,0.054903314987364,0.01,0.001,0.0065736,0.01,0.001,0.0065736,0.004,0.0004,0.00102828,0.00102828,0.139778,0.0,0.632139,0.022363,0.006718,0.175432,37.5578,60.8301,26.5,1.01112,0.1,0.4044,0.04,-58.9984,12.410845791101698,12.410845791101698,0.0,0.0,0.0,0.0,0.0,0.0,0.0,0.0,0.0,0.0,0.0,0.0,0.0,0.0,0.0,0.0,0.0,0.0,3.0,5.0,6.43661e-314,29.0,0.2391638606107662,2.043736652343504,0.4819594231784854,2.0,0.686975,976.0,0.6997135356217953
71,71.0,71.0,71.0,71.0,71.0,71.0,22.0,80283.0,83.0,0.0387570217194039,0.01,0.001,0.0010296,0.01,0.001,0.0010296,0.004,0.0004,0.00506484,0.00506484,0.144083,0.0,0.662309,0.036186,0.005064,0.17455,37.8154,40.3374,26.5,0.12372,0.1,0.04956,0.04,-58.2338,4.885969069301301,4.885969069301301,0.0,0.0,0.0,0.0,0.0,0.0,0.0,0.0,0.0,0.0,0.0,0.0,0.0,0.0,0.0,0.0,0.0,0.0,3.0,5.0,6.44384e-314,28.0,0.0727760269338087,2.9466447277979606,-0.2694938245544296,1.0,0.227216,803.0,0.1386204652642644
72,72.0,72.0,72.0,72.0,72.0,72.0,17.0,76823.0,23.0,0.0530321303470261,0.01,0.001,0.0073997,0.01,0.001,0.0073997,0.004,0.0004,0.00278916,0.00278916,0.126078,0.0,0.5365,0.03487,0.009586,0.217772,26.194,39.7631,26.5,0.10656,0.1,0.0426,0.04,-55.4957,10.176509098951952,10.176509098951952,0.0,0.0,0.0,0.0,0.0,0.0,0.0,0.0,0.0,0.0,0.0,0.0,0.0,0.0,0.0,0.0,0.0,0.0,3.0,5.0,6.4793e-314,27.0,0.166341959871714,2.418301553479031,0.0517373814193381,2.0,0.557281,769.0,0.6829393621507238
73,73.0,73.0,73.0,73.0,73.0,73.0,99.0,93708.0,8.0,0.0350444804198587,0.01,0.001,0.0049236,0.01,0.001,0.0049236,0.004,0.0004,0.00211134,0.00211134,0.140549,0.0,0.584407,0.024945,0.006876,0.206136,49.0341,44.5112,26.5,1.09824,0.1,0.4393199999999999,0.04,-57.4807,9.80338164425027,9.80338164425027,0.0,0.0,0.0,0.0,0.0,0.0,0.0,0.0,0.0,0.0,0.0,0.0,0.0,0.0,0.0,0.0,0.0,0.0,3.0,5.0,0.0,32.0,0.3154373125617935,2.395574695419638,0.8845138966676257,1.0,0.482783,938.0,0.7220315833329639
74,74.0,74.0,74.0,74.0,74.0,74.0,207.0,128975.0,75.0,0.0218300757661362,0.01,0.001,0.0045309,0.01,0.001,0.0045309,0.004,0.0004,0.00078474,0.00078474,0.188191,0.0,0.336454,0.027608,0.012766,0.275473,26.7407,65.8028,26.5,1.67928,0.1,0.6717599999999999,0.04,-58.8547,12.191218697339707,12.191218697339707,0.0,0.0,0.0,0.0,0.0,0.0,0.0,0.0,0.0,0.0,0.0,0.0,0.0,0.0,0.0,0.0,0.0,0.0,3.0,5.0,6.47386e-314,33.5,0.1807972487384197,2.1794781308473308,0.1675019447442703,2.0,0.750017,1290.0,0.0340569063502249
75,75.0,75.0,75.0,75.0,75.0,75.0,170.0,129322.0,22.0,0.0604462869318178,0.01,0.001,0.0057409,0.01,0.001,0.0057409,0.004,0.0004,0.00362868,0.00362868,0.164806,0.0,0.81262,0.031257,0.00352,0.146283,48.0722,14.7477,26.5,1.21836,0.1,0.48732,0.04,-57.6224,8.67636832827576,8.67636832827576,0.0,0.0,0.0,0.0,0.0,0.0,0.0,0.0,0.0,0.0,0.0,0.0,0.0,0.0,0.0,0.0,0.0,0.0,3.0,5.0,6.4397e-314,33.0,0.2392572345372156,1.7880061439552613,0.5703740513712177,1.0,0.477559,1294.0,0.479386190081753
76,76.0,76.0,76.0,76.0,76.0,76.0,205.0,121032.0,32.0,0.0448593071450428,0.01,0.001,0.0070818,0.01,0.001,0.0070818,0.004,0.0004,0.00287958,0.00287958,0.120098,0.0,1.22646,0.020249,0.008393,0.208448,45.699,57.0971,26.5,0.0614399999999998,0.1,0.0245999999999998,0.04,-58.6167,9.957767068695803,9.957767068695803,0.0,0.0,0.0,0.0,0.0,0.0,0.0,0.0,0.0,0.0,0.0,0.0,0.0,0.0,0.0,0.0,0.0,0.0,3.0,5.0,4.11e-321,30.5,0.2213258826437467,2.609907186267648,0.2769782658408919,3.0,1.128434,1211.0,0.2325026466536214
77,77.0,77.0,77.0,77.0,77.0,77.0,166.0,51980.0,80.0,0.0352630066293346,0.01,0.001,0.0062293,0.01,0.001,0.0062293,0.004,0.0004,0.00460218,0.00460218,0.196372,0.0,0.575872,0.013695,0.010534,0.160107,38.4698,37.9965,26.5,1.14156,0.1,0.4566,0.04,-56.9007,8.236895874429612,8.236895874429612,0.0,0.0,0.0,0.0,0.0,0.0,0.0,0.0,0.0,0.0,0.0,0.0,0.0,0.0,0.0,0.0,0.0,0.0,3.0,5.0,6.41562e-314,34.0,0.2193173796987001,2.2896127502346566,0.4425806991778069,1.0,0.244489,520.0,0.7028364787261204
78,78.0,78.0,78.0,78.0,78.0,78.0,184.0,59439.0,39.0,0.0449271370260483,0.01,0.001,0.0086999,0.01,0.001,0.0086999,0.004,0.0004,0.00397452,0.00397452,0.141757,0.0,0.404357,0.070625,0.004126,0.331394,37.1422,19.0444,26.5,0.16332,0.1,0.06528,0.04,-59.0911,9.618859876387791,9.618859876387791,0.0,0.0,0.0,0.0,0.0,0.0,0.0,0.0,0.0,0.0,0.0,0.0,0.0,0.0,0.0,0.0,0.0,0.0,3.0,5.0,6.48381e-314,32.5,0.0685536210506779,1.786360669311127,-0.242806862930911,4.0,0.865813,595.0,0.8969086100815372
79,79.0,79.0,79.0,79.0,79.0,79.0,169.0,60348.0,48.0,0.0390410246009944,0.01,0.001,0.001144,0.01,0.001,0.001144,0.004,0.0004,0.0032736,0.0032736,0.084931,0.0,0.753648,0.014166,0.001688,0.22017,47.2069,51.6709,26.5,1.70616,0.1,0.6824399999999999,0.04,-57.6811,5.445450536760284,5.445450536760284,0.0,0.0,0.0,0.0,0.0,0.0,0.0,0.0,0.0,0.0,0.0,0.0,0.0,0.0,0.0,0.0,0.0,0.0,3.0,5.0,2.3312400000000002e-219,32.5,0.2735698951612403,1.748353529156737,0.6650191494630019,2.0,0.515208,604.0,0.168987641957839
80,80.0,80.0,80.0,80.0,80.0,80.0,249.0,8791.0,91.0,0.0233000484688551,0.01,0.001,0.007326,0.01,0.001,0.007326,0.004,0.0004,0.00086724,0.00086724,0.116278,0.0,0.818118,0.034941,0.005877,0.214867,46.6266,56.8974,26.5,1.1748,0.1,0.46992,0.04,-58.1447,12.95066060657234,12.95066060657234,0.0,0.0,0.0,0.0,0.0,0.0,0.0,0.0,0.0,0.0,0.0,0.0,0.0,0.0,0.0,0.0,0.0,0.0,3.0,5.0,4.26367e-314,31.0,0.0952678970825941,2.2702566009648293,-0.3599925656607902,1.0,0.082555,88.0,0.5355910607726166
81,81.0,81.0,81.0,81.0,81.0,81.0,47.0,17076.0,76.0,0.0382786225429813,0.01,0.001,0.0019899,0.01,0.001,0.0019899,0.004,0.0004,0.00070818,0.00070818,0.11113,0.0,0.759878,0.02339,0.009194,0.199295,49.0899,55.7066,26.5,0.13884,0.1,0.05556,0.04,-54.2456,10.340765101610792,10.340765101610792,0.0,0.0,0.0,0.0,0.0,0.0,0.0,0.0,0.0,0.0,0.0,0.0,0.0,0.0,0.0,0.0,0.0,0.0,3.0,5.0,6.47367e-314,30.5,0.107238376002209,1.4407157901536876,0.0215694124514613,2.0,0.20305,171.0,0.0078918643938788
82,82.0,82.0,82.0,82.0,82.0,82.0,31.0,28330.0,30.0,0.0563147234129401,0.01,0.001,0.0026961,0.01,0.001,0.0026961,0.004,0.0004,0.0008019,0.0008019,0.132607,0.0,0.48462,0.031715,0.003074,0.170631,39.488,68.2982,26.5,0.91704,0.1,0.36684,0.04,-59.253,10.842418600058403,10.842418600058403,0.0,0.0,0.0,0.0,0.0,0.0,0.0,0.0,0.0,0.0,0.0,0.0,0.0,0.0,0.0,0.0,0.0,0.0,3.0,5.0,6.40968e-314,33.0,0.0616010553511904,1.7216693344710612,0.0311283107398128,3.0,0.371271,284.0,0.3241318187960151
83,83.0,83.0,83.0,83.0,83.0,83.0,88.0,131923.0,23.0,0.0818841731614598,0.01,0.001,0.0011319,0.01,0.001,0.0011319,0.004,0.0004,0.00283272,0.00283272,0.181279,0.0,0.252425,0.04603,0.006979,0.269588,47.8815,64.0234,26.5,1.35288,0.1,0.54108,0.04,-57.0765,5.627286070403531,5.627286070403531,0.0,0.0,0.0,0.0,0.0,0.0,0.0,0.0,0.0,0.0,0.0,0.0,0.0,0.0,0.0,0.0,0.0,0.0,3.0,5.0,6.40217e-314,40.0,0.1894289902242814,2.744689271991837,0.2425400788959296,1.0,0.360649,1320.0,0.3636147283427406
84,84.0,84.0,84.0,84.0,84.0,84.0,67.0,59628.0,28.0,0.0649349417359611,0.01,0.001,0.0049335,0.01,0.001,0.0049335,0.004,0.0004,0.00478368,0.00478368,0.060144,0.0,0.759276,0.028552,0.004413,0.338173,42.588,34.5166,26.5,0.11868,0.1,0.0474,0.04,-56.8612,7.513535949774033,7.513535949774033,0.0,0.0,0.0,0.0,0.0,0.0,0.0,0.0,0.0,0.0,0.0,0.0,0.0,0.0,0.0,0.0,0.0,0.0,3.0,5.0,4.82e-321,36.5,0.0687414592099577,2.3996684330449494,0.1300465218943141,2.0,0.377051,597.0,0.785407104650156
85,85.0,85.0,85.0,85.0,85.0,85.0,200.0,26767.0,67.0,0.0519594807398505,0.01,0.001,0.0010274,0.01,0.001,0.0010274,0.004,0.0004,0.00183546,0.00183546,0.104015,0.0,0.847852,0.040629,0.002895,0.261319,42.7496,32.2132,26.5,1.80984,0.1,0.72396,0.04,-58.3625,6.174497403573304,6.174497403573304,0.0,0.0,0.0,0.0,0.0,0.0,0.0,0.0,0.0,0.0,0.0,0.0,0.0,0.0,0.0,0.0,0.0,0.0,3.0,5.0,4.26709e-314,37.5,0.1155528889920875,2.1265037623855583,0.0232224620965044,1.0,0.089641,268.0,0.0998714184761933
86,86.0,86.0,86.0,86.0,86.0,86.0,92.0,98260.0,60.0,0.0706675164840888,0.01,0.001,0.0052283,0.01,0.001,0.0052283,0.004,0.0004,0.00283932,0.00283932,0.090407,0.0,0.889266,0.026719,0.003723,0.269015,50.2658,72.3061,26.5,0.1853999999999998,0.1,0.07416,0.04,-55.8078,9.114458124889934,9.114458124889934,0.0,0.0,0.0,0.0,0.0,0.0,0.0,0.0,0.0,0.0,0.0,0.0,0.0,0.0,0.0,0.0,0.0,0.0,3.0,5.0,6.40094e-314,40.0,0.0474101922966861,2.64607800752951,-0.2958752090135102,2.0,0.62305,983.0,0.5183271032206931
87,87.0,87.0,87.0,87.0,87.0,87.0,43.0,22936.0,36.0,0.0302799994353241,0.01,0.001,0.0038643,0.01,0.001,0.0038643,0.004,0.0004,0.00449724,0.00449724,0.119885,0.0,0.603754,0.026203,0.003391,0.245675,31.5839,71.6209,26.5,0.573,0.1,0.2292,0.04,-56.1499,7.068036424581856,7.068036424581856,0.0,0.0,0.0,0.0,0.0,0.0,0.0,0.0,0.0,0.0,0.0,0.0,0.0,0.0,0.0,0.0,0.0,0.0,3.0,5.0,6.41236e-314,42.5,0.1352538554336306,2.8250276579076496,-0.2892408794346428,1.0,0.080172,230.0,0.9321730053842482
88,88.0,88.0,88.0,88.0,88.0,88.0,101.0,93340.0,40.0,0.0491511358553053,0.01,0.001,0.0048554,0.01,0.001,0.0048554,0.004,0.0004,0.00541992,0.00541992,0.132056,0.0,1.10826,0.050502,0.006803,0.249866,43.1129,56.1937,26.5,0.95028,0.1,0.3800399999999999,0.04,-54.3405,7.166601128802761,7.166601128802761,0.0,0.0,0.0,0.0,0.0,0.0,0.0,0.0,0.0,0.0,0.0,0.0,0.0,0.0,0.0,0.0,0.0,0.0,3.0,5.0,6.47465e-314,42.0,0.1244186243464976,2.289007232621262,0.0939736054834549,1.0,0.259688,934.0,0.7623487992561278
89,89.0,89.0,89.0,89.0,89.0,89.0,29.0,30834.0,34.0,0.0485197720154749,0.01,0.001,0.0095887,0.01,0.001,0.0095887,0.004,0.0004,0.00158994,0.00158994,0.161999,0.0,0.533261,0.017662,0.006696,0.267969,48.4125,47.0551,26.5,0.0486,0.1,0.01944,0.04,-57.7648,12.286611135695942,12.286611135695942,0.0,0.0,0.0,0.0,0.0,0.0,0.0,0.0,0.0,0.0,0.0,0.0,0.0,0.0,0.0,0.0,0.0,0.0,3.0,5.0,6.47436e-314,43.5,0.0595513429711684,3.1161714535005176,-0.2500089866592993,3.0,0.326999,309.0,1.8548814497667747
90,90.0,90.0,90.0,90.0,90.0,90.0,7.0,30834.0,34.0,0.0605306922079903,0.01,0.001,0.0021604,0.01,0.001,0.0021604,0.004,0.0004,0.00139128,0.00139128,0.161999,0.0,0.533261,0.017662,0.006696,0.267969,48.4125,47.0551,26.5,0.0486,0.1,0.01944,0.04,-57.7648,8.62306087791906,8.62306087791906,0.0,0.0,0.0,0.0,0.0,0.0,0.0,0.0,0.0,0.0,0.0,0.0,0.0,0.0,0.0,0.0,0.0,0.0,3.0,5.0,6.47436e-314,43.5,0.0595513429711684,3.1161714535005176,-0.2500089866592993,3.0,0.326999,309.0,3.974983415489596
91,91.0,91.0,91.0,91.0,91.0,91.0,51.0,84443.0,43.0,0.0509562509864421,0.01,0.001,0.0054076,0.01,0.001,0.0054076,0.004,0.0004,0.00063294,0.00063294,0.146287,0.0,0.948789,0.036398,0.005208,0.241011,34.7926,57.9092,26.5,0.11952,0.1,0.04776,0.04,-57.7058,12.970687912229247,12.970687912229247,0.0,0.0,0.0,0.0,0.0,0.0,0.0,0.0,0.0,0.0,0.0,0.0,0.0,0.0,0.0,0.0,0.0,0.0,3.0,5.0,0.0,41.0,0.1565516012927089,3.249761223070533,-0.1124867599532217,1.0,0.322937,845.0,0.2393839104525806
92,92.0,92.0,92.0,92.0,92.0,92.0,98.0,30834.0,34.0,0.0494061872985281,0.01,0.001,0.0024618,0.01,0.001,0.0024618,0.004,0.0004,0.00145728,0.00145728,0.161999,0.0,0.533261,0.017662,0.006696,0.267969,48.4125,47.0551,26.5,0.0486,0.1,0.01944,0.04,-57.7648,8.86469835029995,8.86469835029995,0.0,0.0,0.0,0.0,0.0,0.0,0.0,0.0,0.0,0.0,0.0,0.0,0.0,0.0,0.0,0.0,0.0,0.0,3.0,5.0,6.47436e-314,43.5,0.0595513429711684,3.1161714535005176,-0.2500089866592993,3.0,0.326999,309.0,1.593704645053729
93,93.0,93.0,93.0,93.0,93.0,93.0,74.0,28050.0,50.0,0.0330672556711763,0.01,0.001,0.0074118,0.01,0.001,0.0074118,0.004,0.0004,0.00195756,0.00195756,0.131007,0.0,0.505387,0.003971,0.003638,0.236606,35.9801,84.8582,26.5,0.16764,0.1,0.06708,0.04,-57.2207,11.162228494961884,11.162228494961884,0.0,0.0,0.0,0.0,0.0,0.0,0.0,0.0,0.0,0.0,0.0,0.0,0.0,0.0,0.0,0.0,0.0,0.0,3.0,5.0,4.28503e-314,47.0,0.064768454020247,3.3994582458594382,0.1019253771532071,4.0,0.386341,281.0,1.511057950124905
94,94.0,94.0,94.0,94.0,94.0,94.0,90.0,26557.0,57.0,0.0445643917154509,0.01,0.001,0.0060775,0.01,0.001,0.0060775,0.004,0.0004,0.00317328,0.00317328,0.136304,0.0,0.964616,0.03144,0.004968,0.269923,35.8184,61.2872,26.5,1.1676000000000002,0.1,0.46704,0.04,-59.5553,9.228911653609627,9.228911653609627,0.0,0.0,0.0,0.0,0.0,0.0,0.0,0.0,0.0,0.0,0.0,0.0,0.0,0.0,0.0,0.0,0.0,0.0,3.0,5.0,4.28043e-314,45.5,0.0764520898172316,2.5839193155513924,-0.0550796307158637,1.0,0.080251,266.0,2.47751886016822
95,95.0,95.0,95.0,95.0,95.0,95.0,39.0,61033.0,33.0,0.0219312578875437,0.01,0.001,0.0065076,0.01,0.001,0.0065076,0.004,0.0004,0.0018777,0.0018777,0.175556,0.0,0.670649,0.028634,0.008212,0.289875,35.9476,85.1163,26.5,0.17712,0.1,0.07092,0.04,-55.0532,10.925158301154624,10.925158301154624,0.0,0.0,0.0,0.0,0.0,0.0,0.0,0.0,0.0,0.0,0.0,0.0,0.0,0.0,0.0,0.0,0.0,0.0,3.0,5.0,6.47963e-314,51.0,0.0478350131887942,4.170507715602191,-0.1916858745625423,1.0,0.089422,611.0,0.0774027578475705
96,96.0,96.0,96.0,96.0,96.0,96.0,238.0,26520.0,20.0,0.0402121632447531,0.01,0.001,0.006666,0.01,0.001,0.006666,0.004,0.0004,0.00172788,0.00172788,0.138024,0.0,0.636181,0.024759,0.003806,0.300513,47.771,32.9172,26.5,1.18428,0.1,0.47376,0.04,-58.2612,11.211648502225874,11.211648502225874,0.0,0.0,0.0,0.0,0.0,0.0,0.0,0.0,0.0,0.0,0.0,0.0,0.0,0.0,0.0,0.0,0.0,0.0,3.0,5.0,6.47098e-314,53.5,0.0689942432579516,3.18614377365514,-0.113292180104619,1.0,0.053291,266.0,10.302219548349134
97,97.0,97.0,97.0,97.0,97.0,97.0,103.0,59288.0,88.0,0.0672224742989149,0.01,0.001,0.0028468,0.01,0.001,0.0028468,0.004,0.0004,0.0032142,0.0032142,0.153837,0.0,0.792337,0.03906,0.001713,0.261304,48.1723,38.9807,26.5,0.0998399999999999,0.1,0.03996,0.04,-56.4593,7.139472711508937,7.139472711508937,0.0,0.0,0.0,0.0,0.0,0.0,0.0,0.0,0.0,0.0,0.0,0.0,0.0,0.0,0.0,0.0,0.0,0.0,3.0,5.0,6.4722e-314,56.0,0.0569602269311784,3.7518484206960734,-0.1031413131766401,2.0,0.415612,593.0,6.14310629514372
98,98.0,98.0,98.0,98.0,98.0,98.0,161.0,48844.0,44.0,0.0435329110849629,0.01,0.001,0.0033517,0.01,0.001,0.0033517,0.004,0.0004,0.00245058,0.00245058,0.123167,0.0,0.813395,0.04606,0.010708,0.239144,36.3017,51.0969,26.5,0.13488,0.1,0.0539999999999999,0.04,-56.0625,8.26575928981245,8.26575928981245,0.0,0.0,0.0,0.0,0.0,0.0,0.0,0.0,0.0,0.0,0.0,0.0,0.0,0.0,0.0,0.0,0.0,0.0,3.0,5.0,0.0,15.0,0.2720563388494896,1.746455933671681,0.8068734525406234,2.0,0.360717,489.0,0.0560098807242176
99,99.0,99.0,99.0,99.0,99.0,99.0,160.0,14010.0,10.0,0.0513750366275962,0.01,0.001,0.0010813,0.01,0.001,0.0010813,0.004,0.0004,0.00110484,0.00110484,0.116018,0.0,0.834204,0.049134,0.010386,0.16971,38.325,35.7532,26.5,0.16236,0.1,0.06492,0.04,-57.6004,7.382057012494814,7.382057012494814,0.0,0.0,0.0,0.0,0.0,0.0,0.0,0.0,0.0,0.0,0.0,0.0,0.0,0.0,0.0,0.0,0.0,0.0,3.0,5.0,1e-323,4.5,0.3642236488056772,-0.5378697235056932,1.0770731141627266,2.0,0.197436,141.0,0.0080457733911297
