,Unnamed: 0.8,Unnamed: 0.7,Unnamed: 0.6,Unnamed: 0.5,Unnamed: 0.4,Unnamed: 0.3,Unnamed: 0.2,Unnamed: 0.1,Unnamed: 0,gTON_STN_MEAN_nS_pF,gTON_STN_SIGMA,gTON_STN_THETA,gTON_CL_S_MEAN_nS_pF,gTON_CL_S_SIGMA,gTON_CL_S_THETA,gTON_CL_D_MEAN_nS_pF,gTON_CL_D_SIGMA,gTON_CL_D_THETA,gKCC2_S_nS_pF,gKCC2_D_nS_pF,gTRPC3_nS_pF,gHCN_nS_pF,gCA_nS_pF,gL_nS_pF,gSK_nS_pF,gNAP_nS_pF,gNAF_nS_pF,gKDR_nS_pF,gSD_nS,soma_noise_intensity,soma_noise_intensity_theta,dend_noise_intensity,dend_noise_intensity_theta,Eleak_mV,CL_in_S,CL_in_D,Iapp,Iapp_dend,gpe_stim,gpe_stim_freqs,gpe_poisson,W_gpe,gpe_start_time,gpe_base_length,gpe_stim_length,gpe_post_length,str_stim,str_stim_freqs,str_poisson,W_str,str_start_time,str_base_length,str_stim_length,str_post_length,tausyn,tauexc,tausyn_dend,pre_exp_fr,pre_exp_cv,pre_exp_fr_zscore,pre_exp_cv_zscore,connections,total_weight,sim,rel_error
0,0.0,0.0,0.0,0.0,0.0,0.0,129.0,100410.0,10.0,0.0198548554465467,0.002,0.001,0.0032878,0.002,0.001,0.0032878,0.0008,0.0004,0.000746,0.00024618,0.05660325,0.0,0.78543,0.077307,0.009171,0.258877,15.1649,50.7399,26.5,0.24896,0.1,0.09952,0.04,-60.5516,11.553330924338725,13.649030856669293,0.0,0.0,0.0,0.0,0.0,0.0,0.0,0.0,0.0,0.0,0.0,0.0,0.0,0.0,0.0,0.0,0.0,0.0,3.0,5.0,1e-323,2.0,0.2510161869900741,-0.5500417121811177,0.8460911995902759,2.0,0.815914,1005.0,0.0018187091584212
1,1.0,1.0,1.0,1.0,1.0,1.0,223.0,48987.0,87.0,0.0228748980059193,0.002,0.001,0.0018428,0.002,0.001,0.0018428,0.0008,0.0004,0.003026,0.00099858,0.03059265,0.0,0.430305,0.048689,0.008068,0.169934,31.1721,38.8836,26.5,0.96832,0.1,0.38736,0.04,-57.8398,6.332609751259409,9.120814858334313,0.0,0.0,0.0,0.0,0.0,0.0,0.0,0.0,0.0,0.0,0.0,0.0,0.0,0.0,0.0,0.0,0.0,0.0,3.0,5.0,6.44555e-314,4.0,0.3617382682855741,-0.5472940684483523,1.1759202138682998,3.0,0.67847,490.0,0.0782889064418901
2,2.0,2.0,2.0,2.0,2.0,2.0,221.0,104463.0,63.0,0.0448841791050541,0.002,0.001,0.0039627,0.002,0.001,0.0039627,0.0008,0.0004,0.008863,0.00292479,0.02997456,0.0,0.7338,0.042583,0.009785,0.183954,38.1829,51.1943,26.5,0.14864,0.1,0.0595199999999998,0.04,-56.615,5.795001881620977,8.239579894639194,0.0,0.0,0.0,0.0,0.0,0.0,0.0,0.0,0.0,0.0,0.0,0.0,0.0,0.0,0.0,0.0,0.0,0.0,3.0,5.0,6.43617e-314,4.0,0.0705989198123984,-1.0087926415777893,-0.8299131407662823,2.0,0.846957,1045.0,0.0061029615368163
3,3.0,3.0,3.0,3.0,3.0,3.0,150.0,78859.0,59.0,0.0533231322847545,0.002,0.001,0.0038233,0.002,0.001,0.0038233,0.0008,0.0004,0.000865,0.00028545,0.0311883,0.0,0.533496,0.03053,0.007169,0.115043,12.8204,60.4706,26.5,0.17536,0.1,0.07008,0.04,-55.5179,11.560564420670541,13.652744100087286,0.0,0.0,0.0,0.0,0.0,0.0,0.0,0.0,0.0,0.0,0.0,0.0,0.0,0.0,0.0,0.0,0.0,0.0,3.0,5.0,6.48281e-314,3.0,0.3560571026154536,-0.90280820983851,1.1003922868336986,2.0,0.651833,789.0,0.0776641284698416
4,4.0,4.0,4.0,4.0,4.0,4.0,61.0,89698.0,98.0,0.018423777239642,0.002,0.001,0.009622,0.002,0.001,0.009622,0.0008,0.0004,0.00071,0.0002343,0.01456389,0.0,0.809074,0.025437,0.011965,0.163143,41.0137,64.4101,26.5,0.13664,0.1,0.05472,0.04,-61.0014,13.667737500415669,14.591956110973024,0.0,0.0,0.0,0.0,0.0,0.0,0.0,0.0,0.0,0.0,0.0,0.0,0.0,0.0,0.0,0.0,0.0,0.0,3.0,5.0,0.0,2.5,0.052821874679596,-0.7767360365327276,-0.5980756794776787,2.0,0.5510539999999999,897.0,0.1970366442995458
5,5.0,5.0,5.0,5.0,5.0,5.0,197.0,58161.0,61.0,0.0437830444594361,0.002,0.001,0.0039746,0.002,0.001,0.0039746,0.0008,0.0004,0.005904,0.00194832,0.03368541,0.0,0.656789,0.037469,0.005557,0.235087,18.626,55.3847,26.5,1.80016,0.1,0.72,0.04,-59.3461,6.53195648179105,9.413136978231417,0.0,0.0,0.0,0.0,0.0,0.0,0.0,0.0,0.0,0.0,0.0,0.0,0.0,0.0,0.0,0.0,0.0,0.0,3.0,5.0,4.25287e-314,3.5,0.2052738035614249,-0.6658263976270694,0.3880631632932877,2.0,0.401877,582.0,0.0070577079726187
6,6.0,6.0,6.0,6.0,6.0,6.0,188.0,58164.0,64.0,0.0483465327489961,0.002,0.001,0.001768,0.002,0.001,0.001768,0.0008,0.0004,0.00496,0.0016368,0.02464539,0.0,0.636782,0.044076,0.010724,0.15529,50.4488,63.0627,26.5,1.22768,0.1,0.49104,0.04,-60.5303,5.471115607483135,7.631975357074246,0.0,0.0,0.0,0.0,0.0,0.0,0.0,0.0,0.0,0.0,0.0,0.0,0.0,0.0,0.0,0.0,0.0,0.0,3.0,5.0,3.14384e-319,3.0,0.1471589176676803,-0.7329459941620562,0.0061029771133743,2.0,0.090351,582.0,0.0240742555080489
7,7.0,7.0,7.0,7.0,7.0,7.0,134.0,83141.0,41.0,0.0249754878662473,0.002,0.001,0.0103003,0.002,0.001,0.0103003,0.0008,0.0004,0.00376,0.0012408,0.03521463,0.0,0.613854,0.048737,0.006151,0.126082,32.6539,48.2419,26.5,2.09456,0.1,0.83776,0.04,-59.5337,10.268349605802058,12.919485563960334,0.0,0.0,0.0,0.0,0.0,0.0,0.0,0.0,0.0,0.0,0.0,0.0,0.0,0.0,0.0,0.0,0.0,0.0,3.0,5.0,6.43493e-314,1.5,0.3396957864020186,-1.2288385601237133,1.1028568221413688,6.0,1.429099,832.0,0.0350690184902967
8,8.0,8.0,8.0,8.0,8.0,8.0,183.0,100149.0,49.0,0.0363024103170567,0.002,0.001,0.011322,0.002,0.001,0.011322,0.0008,0.0004,0.001314,0.00043362,0.05280066,0.0,0.499531,0.046096,0.009387,0.165796,30.4724,38.8417,26.5,1.57392,0.1,0.6296,0.04,-58.2929,12.985612467702426,14.315731480018245,0.0,0.0,0.0,0.0,0.0,0.0,0.0,0.0,0.0,0.0,0.0,0.0,0.0,0.0,0.0,0.0,0.0,0.0,3.0,5.0,6.44635e-314,4.5,0.4096910142616522,-0.3922539140480572,1.4586193589853491,2.0,0.7943830000000001,1002.0,0.0018205478575616
9,9.0,9.0,9.0,9.0,9.0,9.0,102.0,1853.0,53.0,0.0239183107780152,0.002,0.001,0.0053176,0.002,0.001,0.0053176,0.0008,0.0004,0.003176,0.00104808,0.02843577,0.0,0.798471,0.036765,0.008085,0.171093,33.7487,47.2315,26.5,0.1763199999999998,0.1,0.07056,0.04,-57.287,8.838977735191738,11.895684502915445,0.0,0.0,0.0,0.0,0.0,0.0,0.0,0.0,0.0,0.0,0.0,0.0,0.0,0.0,0.0,0.0,0.0,0.0,3.0,5.0,4.26863e-314,8.5,0.1154294022543187,0.0809781793206134,-0.3109615887683641,2.0,0.227193,19.0,0.0083678699331265
10,10.0,10.0,10.0,10.0,10.0,10.0,156.0,71137.0,37.0,0.0045570017473061,0.002,0.001,0.0039797,0.002,0.001,0.0039797,0.0008,0.0004,0.001152,0.00038016,0.03207732,0.0,0.747414,0.03819,0.009838,0.194663,36.0366,51.5338,26.5,1.60112,0.1,0.6404799999999998,0.04,-55.9385,10.91642149834157,13.305799590014646,0.0,0.0,0.0,0.0,0.0,0.0,0.0,0.0,0.0,0.0,0.0,0.0,0.0,0.0,0.0,0.0,0.0,0.0,3.0,5.0,6.44739e-314,9.5,0.2824409159624964,0.188819648256702,0.3690583864324014,3.0,0.886979,712.0,0.0082042934133776
11,11.0,11.0,11.0,11.0,11.0,11.0,122.0,75850.0,50.0,0.0557684624911931,0.002,0.001,0.0114546,0.002,0.001,0.0114546,0.0008,0.0004,0.002966,0.00097878,0.0405042,0.0,0.391837,0.04124,0.010711,0.129274,39.0439,48.4102,26.5,0.13072,0.1,0.05232,0.04,-56.399,11.214413257153492,13.470514898536711,0.0,0.0,0.0,0.0,0.0,0.0,0.0,0.0,0.0,0.0,0.0,0.0,0.0,0.0,0.0,0.0,0.0,0.0,3.0,5.0,4.24544e-314,8.5,0.4780396929864523,-0.0688713525107662,1.775647028339732,1.0,0.432949,759.0,2.9392843788103915e-05
12,12.0,12.0,12.0,12.0,12.0,12.0,151.0,75615.0,15.0,0.0256631113484183,0.002,0.001,0.0051816,0.002,0.001,0.0051816,0.0008,0.0004,0.003785,0.00124905,0.04053357,0.0,0.51575,0.049081,0.008338,0.211983,43.2186,56.8005,26.5,0.18736,0.1,0.07504,0.04,-56.6847,8.268327910799034,11.40006071131448,0.0,0.0,0.0,0.0,0.0,0.0,0.0,0.0,0.0,0.0,0.0,0.0,0.0,0.0,0.0,0.0,0.0,0.0,3.0,5.0,0.0,9.0,0.3725361130790491,-0.1477942860075781,0.9943932815425996,3.0,0.872954,757.0,0.0084398847678001
13,13.0,13.0,13.0,13.0,13.0,13.0,167.0,42252.0,52.0,0.0214898248900242,0.002,0.001,0.0076092,0.002,0.001,0.0076092,0.0008,0.0004,0.003199,0.00105567,0.03725403,0.0,0.732641,0.044424,0.00803,0.146116,44.1692,53.0108,26.5,0.15888,0.1,0.06352,0.04,-57.7285,9.860960822291275,12.654306952189714,0.0,0.0,0.0,0.0,0.0,0.0,0.0,0.0,0.0,0.0,0.0,0.0,0.0,0.0,0.0,0.0,0.0,0.0,3.0,5.0,6.41321e-314,8.5,0.494507504299548,-0.1418973249540882,1.3162429017963329,2.0,0.240822,423.0,0.0083864631114698
14,14.0,14.0,14.0,14.0,14.0,14.0,89.0,74804.0,4.0,0.0307437717252469,0.002,0.001,0.0101337,0.002,0.001,0.0101337,0.0008,0.0004,0.001011,0.00033363,0.03184137,0.0,0.655395,0.04531,0.009221,0.16168,41.1366,52.1033,26.5,0.1664,0.1,0.06656,0.04,-55.8911,13.237994764976674,14.420663029039574,0.0,0.0,0.0,0.0,0.0,0.0,0.0,0.0,0.0,0.0,0.0,0.0,0.0,0.0,0.0,0.0,0.0,0.0,3.0,5.0,0.0,7.0,0.3495862436722388,-0.0164055077626972,1.627848448769258,3.0,0.952438,749.0,0.0177092187246343
15,15.0,15.0,15.0,15.0,15.0,15.0,97.0,102394.0,94.0,0.0122747313843266,0.002,0.001,0.0055114,0.002,0.001,0.0055114,0.0008,0.0004,0.00124,0.0004092,0.03700785,0.0,0.707563,0.03049,0.010409,0.17571,36.0426,54.3682,26.5,1.50624,0.1,0.60256,0.04,-60.7226,11.574469820921813,13.659871274829278,0.0,0.0,0.0,0.0,0.0,0.0,0.0,0.0,0.0,0.0,0.0,0.0,0.0,0.0,0.0,0.0,0.0,0.0,3.0,5.0,6.47327e-314,8.0,0.2531674228492009,-0.218622931393375,0.5495789551185586,1.0,0.375307,1024.0,0.0039239489357266
16,16.0,16.0,16.0,16.0,16.0,16.0,15.0,103745.0,45.0,0.0055794212893238,0.002,0.001,0.0054604,0.002,0.001,0.0054604,0.0008,0.0004,0.00269,0.0008877,0.0340758,0.0,0.677797,0.039555,0.008847,0.149091,38.5793,40.4266,26.5,1.73888,0.1,0.69552,0.04,-57.1206,9.398606291754461,12.329153839057186,0.0,0.0,0.0,0.0,0.0,0.0,0.0,0.0,0.0,0.0,0.0,0.0,0.0,0.0,0.0,0.0,0.0,0.0,3.0,5.0,0.0,8.5,0.2896728434639072,0.0929826880266719,1.1388045429097051,1.0,0.40011,1038.0,0.007382733772461
17,17.0,17.0,17.0,17.0,17.0,17.0,242.0,101264.0,64.0,0.0476685249756673,0.002,0.001,0.0030753,0.002,0.001,0.0030753,0.0008,0.0004,0.001073,0.00035409,0.03256539,0.0,0.710446,0.042193,0.009053,0.158258,31.4235,53.4951,26.5,0.1712,0.1,0.06848,0.04,-58.816,10.397036473413634,12.99949216597482,0.0,0.0,0.0,0.0,0.0,0.0,0.0,0.0,0.0,0.0,0.0,0.0,0.0,0.0,0.0,0.0,0.0,0.0,3.0,5.0,3.14384e-319,6.5,0.1179341149823996,-0.7103791575335612,-0.3601692531625181,1.0,0.354322,1013.0,0.0036510233765261
18,18.0,18.0,18.0,18.0,18.0,18.0,147.0,15971.0,71.0,0.0281055443144198,0.002,0.001,0.0016745,0.002,0.001,0.0016745,0.0008,0.0004,0.000322,0.00010626,0.04297557,0.0,0.845157,0.039258,0.009076,0.160524,32.49,37.8645,26.5,1.96192,0.1,0.7847999999999998,0.04,-57.7729,11.953476299820283,13.848724948598337,0.0,0.0,0.0,0.0,0.0,0.0,0.0,0.0,0.0,0.0,0.0,0.0,0.0,0.0,0.0,0.0,0.0,0.0,3.0,5.0,4.26683e-314,13.5,0.1779471608211121,0.6892917961675734,-0.0043208840240037,1.0,0.109984,160.0,0.0582987287684869
19,19.0,19.0,19.0,19.0,19.0,19.0,181.0,4182.0,82.0,0.0394578907173002,0.002,0.001,0.0038046,0.002,0.001,0.0038046,0.0008,0.0004,0.002208,0.00072864,0.02934294,0.0,0.70937,0.037866,0.008004,0.191805,39.1543,56.2533,26.5,1.8208,0.1,0.72832,0.04,-57.9234,8.921885507666378,11.962947861131381,0.0,0.0,0.0,0.0,0.0,0.0,0.0,0.0,0.0,0.0,0.0,0.0,0.0,0.0,0.0,0.0,0.0,0.0,3.0,5.0,6.47758e-314,10.5,0.176292471497847,0.5799926735248576,-0.2080246074023296,1.0,0.102979,42.0,0.0207079786065759
20,20.0,20.0,20.0,20.0,20.0,20.0,26.0,61006.0,6.0,0.0298214927191441,0.002,0.001,0.0072947,0.002,0.001,0.0072947,0.0008,0.0004,0.002082,0.00068706,0.03551196,0.0,0.49744,0.038593,0.012606,0.205416,34.2086,51.1983,26.5,0.18512,0.1,0.07408,0.04,-54.8263,10.95469844344542,13.327384941190674,0.0,0.0,0.0,0.0,0.0,0.0,0.0,0.0,0.0,0.0,0.0,0.0,0.0,0.0,0.0,0.0,0.0,0.0,3.0,5.0,0.0,11.5,0.0793573006786904,0.423548662576226,-0.0486815412663126,1.0,0.137736,611.0,0.0383820043228952
21,21.0,21.0,21.0,21.0,21.0,21.0,216.0,12499.0,99.0,0.017700680442106,0.002,0.001,0.0064396,0.002,0.001,0.0064396,0.0008,0.0004,0.001549,0.00051117,0.02973234,0.0,0.738179,0.040877,0.00875,0.174312,43.957,30.5623,26.5,0.11344,0.1,0.04544,0.04,-56.1126,11.405505210150158,13.572274067709756,0.0,0.0,0.0,0.0,0.0,0.0,0.0,0.0,0.0,0.0,0.0,0.0,0.0,0.0,0.0,0.0,0.0,0.0,3.0,5.0,2.12725e-314,11.5,0.1682809982308427,0.3461069019321245,0.0153514841665969,1.0,0.115171,125.0,0.0807423050556524
22,22.0,22.0,22.0,22.0,22.0,22.0,192.0,101332.0,32.0,0.0516282420694228,0.002,0.001,0.0043996,0.002,0.001,0.0043996,0.0008,0.0004,0.00487,0.0016071,0.03913767,0.0,0.667799,0.039405,0.010344,0.148101,35.7266,51.0389,26.5,1.43984,0.1,0.576,0.04,-56.3912,7.1867170215513525,10.266429497061857,0.0,0.0,0.0,0.0,0.0,0.0,0.0,0.0,0.0,0.0,0.0,0.0,0.0,0.0,0.0,0.0,0.0,0.0,3.0,5.0,4.11e-321,12.0,0.2783722412017607,0.5214831997315156,0.5137914117129497,1.0,0.403306,1014.0,0.0365327382077299
23,23.0,23.0,23.0,23.0,23.0,23.0,76.0,34591.0,91.0,0.0488447157759451,0.002,0.001,0.0014093,0.002,0.001,0.0014093,0.0008,0.0004,0.003182,0.00105006,0.03384216,0.0,0.814171,0.035675,0.008939,0.16557,34.0964,43.6397,26.5,1.63136,0.1,0.65248,0.04,-56.09,5.780334674817877,8.213414156764747,0.0,0.0,0.0,0.0,0.0,0.0,0.0,0.0,0.0,0.0,0.0,0.0,0.0,0.0,0.0,0.0,0.0,0.0,3.0,5.0,4.24726e-314,15.0,0.1958913195968947,1.104092728703738,-0.2986610040864502,2.0,0.38007,346.0,0.039987468953693
24,24.0,24.0,24.0,24.0,24.0,24.0,141.0,24121.0,21.0,0.0529069729117365,0.002,0.001,0.004658,0.002,0.001,0.004658,0.0008,0.0004,0.003275,0.00108075,0.03685836,0.0,0.785676,0.037941,0.011605,0.242746,37.1989,36.0446,26.5,1.14208,0.1,0.4568,0.04,-56.0436,8.374886114469769,11.497221327138522,0.0,0.0,0.0,0.0,0.0,0.0,0.0,0.0,0.0,0.0,0.0,0.0,0.0,0.0,0.0,0.0,0.0,0.0,3.0,5.0,4.25267e-314,13.5,0.1086859170487177,0.337601707425912,-0.1698934610330177,1.0,0.059864,242.0,0.2015567140014074
25,25.0,25.0,25.0,25.0,25.0,25.0,59.0,110357.0,57.0,0.0669256151392253,0.002,0.001,0.0112149,0.002,0.001,0.0112149,0.0008,0.0004,0.002358,0.00077814,0.03057648,0.0,0.697925,0.024272,0.009788,0.18375,32.4448,32.8596,26.5,1.568,0.1,0.6272,0.04,-57.757,11.74110256625484,13.74416753627954,0.0,0.0,0.0,0.0,0.0,0.0,0.0,0.0,0.0,0.0,0.0,0.0,0.0,0.0,0.0,0.0,0.0,0.0,3.0,5.0,4.26391e-314,13.5,0.2518934281777235,0.7180236346487233,0.2727755679555085,1.0,0.449987,1104.0,0.0185065540179815
26,26.0,26.0,26.0,26.0,26.0,26.0,154.0,78338.0,38.0,0.025209901762293,0.002,0.001,0.0088196,0.002,0.001,0.0088196,0.0008,0.0004,0.002276,0.00075108,0.04149717,0.0,0.940776,0.048429,0.010012,0.17853,37.8195,45.6847,26.5,1.68304,0.1,0.67328,0.04,-58.1594,11.223285915864075,13.47530484279436,0.0,0.0,0.0,0.0,0.0,0.0,0.0,0.0,0.0,0.0,0.0,0.0,0.0,0.0,0.0,0.0,0.0,0.0,3.0,5.0,4.28057e-314,12.5,0.0584414759591098,0.4138199439413568,-0.9554411060123882,0.0,0.0,784.0,0.1349879172091372
27,27.0,27.0,27.0,27.0,27.0,27.0,44.0,120838.0,38.0,0.0220008598771326,0.002,0.001,0.0083538,0.002,0.001,0.0083538,0.0008,0.0004,0.012083,0.00398739,0.04111305,0.0,1.14184,0.023016,0.009319,0.186819,29.6224,43.9336,26.5,0.19168,0.1,0.07664,0.04,-57.5248,6.586964380716451,9.490891646963693,0.0,0.0,0.0,0.0,0.0,0.0,0.0,0.0,0.0,0.0,0.0,0.0,0.0,0.0,0.0,0.0,0.0,0.0,3.0,5.0,4.27978e-314,13.0,0.2656944401746637,0.4747132992542164,0.6714451026462563,2.0,0.858376,1209.0,0.0233075898357955
28,28.0,28.0,28.0,28.0,28.0,28.0,28.0,76101.0,1.0,0.0227469898241587,0.002,0.001,0.0020026,0.002,0.001,0.0020026,0.0008,0.0004,0.008546,0.00282018,0.04595415,0.0,0.959344,0.03745,0.011965,0.176048,35.9093,46.1476,26.5,1.78784,0.1,0.7152,0.04,-58.5398,5.008391834841729,6.643059442853753,0.0,0.0,0.0,0.0,0.0,0.0,0.0,0.0,0.0,0.0,0.0,0.0,0.0,0.0,0.0,0.0,0.0,0.0,3.0,5.0,0.0,15.0,0.1151673104546604,0.7673168766386821,-0.6258785066599097,1.0,0.236578,762.0,0.0530191944756597
29,29.0,29.0,29.0,29.0,29.0,29.0,50.0,49470.0,70.0,0.0396568841122344,0.002,0.001,0.0101592,0.002,0.001,0.0101592,0.0008,0.0004,0.001558,0.00051414,0.03212649,0.0,0.800857,0.02436,0.00954,0.110521,39.2931,38.8521,26.5,0.14736,0.1,0.05888,0.04,-54.1004,12.452166505598857,14.082421472029964,0.0,0.0,0.0,0.0,0.0,0.0,0.0,0.0,0.0,0.0,0.0,0.0,0.0,0.0,0.0,0.0,0.0,0.0,3.0,5.0,6.43945e-314,11.5,0.2307279149835355,0.4042280483453833,0.3482490937500056,1.0,0.202567,495.0,0.0110902251156885
30,30.0,30.0,30.0,30.0,30.0,30.0,180.0,124678.0,78.0,0.0278153198233509,0.002,0.001,0.003553,0.002,0.001,0.003553,0.0008,0.0004,0.007687,0.00253671,0.03545487,0.0,0.7163,0.039062,0.006143,0.181688,40.9857,62.7941,26.5,0.14272,0.1,0.05712,0.04,-56.2396,5.847345989534754,8.331972636935044,0.0,0.0,0.0,0.0,0.0,0.0,0.0,0.0,0.0,0.0,0.0,0.0,0.0,0.0,0.0,0.0,0.0,0.0,3.0,5.0,6.4742e-314,15.5,0.1963284117764628,0.7335809276288251,0.7181443123102257,1.0,0.297461,1247.0,0.0234841943090343
31,31.0,31.0,31.0,31.0,31.0,31.0,218.0,44251.0,51.0,0.0382025230963313,0.002,0.001,0.0084065,0.002,0.001,0.0084065,0.0008,0.0004,0.000484,0.00015972,0.04148298,0.0,0.836427,0.031761,0.009391,0.187284,37.5066,51.4729,26.5,0.13776,0.1,0.0552,0.04,-57.6745,13.95451318498654,14.701429731181644,0.0,0.0,0.0,0.0,0.0,0.0,0.0,0.0,0.0,0.0,0.0,0.0,0.0,0.0,0.0,0.0,0.0,0.0,3.0,5.0,4.26302e-314,18.5,0.1820104393419271,1.2784960396933365,-0.007075049278676,1.0,0.237329,443.0,0.1168613417180725
32,32.0,32.0,32.0,32.0,32.0,32.0,163.0,29282.0,82.0,0.0394530279875237,0.002,0.001,0.0076245,0.002,0.001,0.0076245,0.0008,0.0004,0.007248,0.00239184,0.04336662,0.0,0.907811,0.029565,0.008505,0.146514,40.2116,29.4384,26.5,0.10096,0.1,0.04032,0.04,-58.2404,7.563971175643487,10.695573849328083,0.0,0.0,0.0,0.0,0.0,0.0,0.0,0.0,0.0,0.0,0.0,0.0,0.0,0.0,0.0,0.0,0.0,0.0,3.0,5.0,6.47529e-314,17.0,0.1613452548061742,0.6255045953442887,0.3054190898036529,2.0,0.207413,293.0,0.2510448104607579
33,33.0,33.0,33.0,33.0,33.0,33.0,64.0,111143.0,43.0,0.0248620584105637,0.002,0.001,0.0049232,0.002,0.001,0.0049232,0.0008,0.0004,0.003056,0.00100848,0.04473414,0.0,0.925473,0.0365,0.009581,0.188346,40.5837,50.866,26.5,1.54512,0.1,0.61808,0.04,-57.8781,8.728190751667816,11.804022587760121,0.0,0.0,0.0,0.0,0.0,0.0,0.0,0.0,0.0,0.0,0.0,0.0,0.0,0.0,0.0,0.0,0.0,0.0,3.0,5.0,0.0,17.0,0.2933701528645736,1.156987173353478,0.6452197602342306,3.0,1.17067,1112.0,0.0995130480478412
34,34.0,34.0,34.0,34.0,34.0,34.0,48.0,972.0,72.0,0.0295545155329494,0.002,0.001,0.0043588,0.002,0.001,0.0043588,0.0008,0.0004,0.001453,0.00047949,0.03922149,0.0,0.671788,0.039536,0.009775,0.159926,35.6932,45.2528,26.5,1.49776,0.1,0.59904,0.04,-55.5296,10.525897744971177,13.077910961044646,0.0,0.0,0.0,0.0,0.0,0.0,0.0,0.0,0.0,0.0,0.0,0.0,0.0,0.0,0.0,0.0,0.0,0.0,3.0,5.0,0.0,17.0,0.1445085339506019,1.4313599986629175,-0.5257292179711585,1.0,0.099615,10.0,0.1206927222962443
35,35.0,35.0,35.0,35.0,35.0,35.0,190.0,44100.0,0.0,0.0531862684278923,0.002,0.001,0.0114359,0.002,0.001,0.0114359,0.0008,0.0004,0.004226,0.00139458,0.04265613,0.0,0.566293,0.051587,0.007175,0.221182,34.3363,58.2285,26.5,1.90208,0.1,0.7607999999999998,0.04,-56.8218,10.233296465349472,12.8973909324499,0.0,0.0,0.0,0.0,0.0,0.0,0.0,0.0,0.0,0.0,0.0,0.0,0.0,0.0,0.0,0.0,0.0,0.0,3.0,5.0,6.46758e-314,18.0,0.1390749749688081,1.38398715790221,-0.4544725203008993,1.0,0.210109,442.0,0.098451872204086
36,36.0,36.0,36.0,36.0,36.0,36.0,86.0,80365.0,65.0,0.0608757396914889,0.002,0.001,0.0134453,0.002,0.001,0.0134453,0.0008,0.0004,0.006022,0.00198726,0.03224661,0.0,0.634003,0.047309,0.006194,0.236617,30.5806,47.8137,26.5,1.15104,0.1,0.46048,0.04,-54.3827,9.676633449375172,12.527947216035555,0.0,0.0,0.0,0.0,0.0,0.0,0.0,0.0,0.0,0.0,0.0,0.0,0.0,0.0,0.0,0.0,0.0,0.0,3.0,5.0,6.44226e-314,16.0,0.2746524719487551,1.320252683460153,0.891061521546561,2.0,0.577625,804.0,0.0596327337802593
37,37.0,37.0,37.0,37.0,37.0,37.0,153.0,11941.0,41.0,0.0507311502226948,0.002,0.001,0.0079288,0.002,0.001,0.0079288,0.0008,0.0004,0.001953,0.00064449,0.03993627,0.0,0.838432,0.045594,0.005488,0.161376,38.2499,51.8679,26.5,1.12,0.1,0.448,0.04,-56.6927,11.344522993232788,13.540116492250045,0.0,0.0,0.0,0.0,0.0,0.0,0.0,0.0,0.0,0.0,0.0,0.0,0.0,0.0,0.0,0.0,0.0,0.0,3.0,5.0,6.41353e-314,18.0,0.1816544079224633,1.6644621754098936,-0.0315568059334071,2.0,0.185615,120.0,0.1485121269402699
38,38.0,38.0,38.0,38.0,38.0,38.0,187.0,42285.0,85.0,0.0588425974320996,0.002,0.001,0.0045747,0.002,0.001,0.0045747,0.0008,0.0004,0.000959,0.00031647,0.03973497,0.0,0.550586,0.035168,0.010013,0.195592,34.2645,50.3608,26.5,0.14608,0.1,0.0583999999999998,0.04,-57.9142,11.748316729553805,13.747771440644936,0.0,0.0,0.0,0.0,0.0,0.0,0.0,0.0,0.0,0.0,0.0,0.0,0.0,0.0,0.0,0.0,0.0,0.0,3.0,5.0,4.25115e-314,17.0,0.2285255985251476,0.8978675561750065,0.1419893549225316,2.0,0.485426,423.0,0.0101258717963971
39,39.0,39.0,39.0,39.0,39.0,39.0,204.0,85041.0,41.0,0.0479345266439501,0.002,0.001,0.0110024,0.002,0.001,0.0110024,0.0008,0.0004,0.004877,0.00160941,0.03207666,0.0,0.790571,0.029749,0.009284,0.232551,30.2355,65.4053,26.5,0.14688,0.1,0.0587199999999998,0.04,-57.9266,9.70687847591942,12.548968705947852,0.0,0.0,0.0,0.0,0.0,0.0,0.0,0.0,0.0,0.0,0.0,0.0,0.0,0.0,0.0,0.0,0.0,0.0,3.0,5.0,6.47046e-314,19.5,0.12085780811689,1.2904294823175235,-0.1056412275856198,1.0,0.222095,851.0,0.1144499512073995
40,40.0,40.0,40.0,40.0,40.0,40.0,16.0,60088.0,88.0,0.0183646978962451,0.002,0.001,0.0013685,0.002,0.001,0.0013685,0.0008,0.0004,0.002301,0.00075933,0.03466089,0.0,0.966678,0.016812,0.010501,0.175653,36.6325,30.9438,26.5,0.14128,0.1,0.05648,0.04,-55.9236,6.287334628742113,9.052016290166389,0.0,0.0,0.0,0.0,0.0,0.0,0.0,0.0,0.0,0.0,0.0,0.0,0.0,0.0,0.0,0.0,0.0,0.0,3.0,5.0,6.40995e-314,16.0,0.2854619022450324,0.5276431840801881,0.6024260775877389,3.0,0.819856,601.0,0.0837632090945202
41,41.0,41.0,41.0,41.0,41.0,41.0,93.0,67077.0,77.0,0.0346553730745713,0.002,0.001,0.0054451,0.002,0.001,0.0054451,0.0008,0.0004,0.00581,0.0019173,0.05352006,0.0,0.737567,0.015612,0.00871,0.133947,27.0416,28.0711,26.5,0.0264,0.1,0.01056,0.04,-58.7986,7.27545884618546,10.37107180059158,0.0,0.0,0.0,0.0,0.0,0.0,0.0,0.0,0.0,0.0,0.0,0.0,0.0,0.0,0.0,0.0,0.0,0.0,3.0,5.0,4.26944e-314,20.0,0.1809015514150355,1.2794282113154671,0.4401643955576274,1.0,0.352121,671.0,0.1031628296957113
42,42.0,42.0,42.0,42.0,42.0,42.0,217.0,11296.0,96.0,0.0247418954299665,0.002,0.001,0.0096084,0.002,0.001,0.0096084,0.0008,0.0004,0.002942,0.00097086,0.03650856,0.0,0.659977,0.034486,0.008537,0.215517,46.5294,39.4621,26.5,0.1568,0.1,0.06272,0.04,-58.6915,10.76264354103141,13.217757801523852,0.0,0.0,0.0,0.0,0.0,0.0,0.0,0.0,0.0,0.0,0.0,0.0,0.0,0.0,0.0,0.0,0.0,0.0,3.0,5.0,6.48285e-314,19.0,0.0932214976623693,1.4044663279989216,-0.2274993541023834,1.0,0.058558,113.0,0.0307116945273505
43,43.0,43.0,43.0,43.0,43.0,43.0,71.0,21607.0,7.0,0.0467439297040182,0.002,0.001,0.0033405,0.002,0.001,0.0033405,0.0008,0.0004,0.003412,0.00112596,0.02519385,0.0,0.795519,0.039331,0.004874,0.169365,46.1133,54.0193,26.5,0.18,0.1,0.072,0.04,-57.0061,7.382947010595184,10.494701631292958,0.0,0.0,0.0,0.0,0.0,0.0,0.0,0.0,0.0,0.0,0.0,0.0,0.0,0.0,0.0,0.0,0.0,0.0,3.0,5.0,0.0,15.5,0.1431466532866173,0.5018531672878964,-0.0277090807156079,2.0,0.161585,217.0,0.0724591015494246
44,44.0,44.0,44.0,44.0,44.0,44.0,81.0,1184.0,84.0,0.0295347716805662,0.002,0.001,0.0048807,0.002,0.001,0.0048807,0.0008,0.0004,0.003891,0.00128403,0.03524763,0.0,0.687243,0.038769,0.009482,0.169872,33.2987,49.8976,26.5,1.6134399999999998,0.1,0.64544,0.04,-55.2155,8.028198283495646,11.172560593762082,0.0,0.0,0.0,0.0,0.0,0.0,0.0,0.0,0.0,0.0,0.0,0.0,0.0,0.0,0.0,0.0,0.0,0.0,3.0,5.0,6.43431e-314,16.5,0.0982037041004295,1.294415931678317,-0.5877727899375956,1.0,0.103169,12.0,0.1832396903052286
45,45.0,45.0,45.0,45.0,45.0,45.0,168.0,22510.0,10.0,0.0220805500563476,0.002,0.001,0.0130322,0.002,0.001,0.0130322,0.0008,0.0004,0.00312,0.0010296,0.03885915,0.0,0.784945,0.047659,0.004951,0.221608,42.3168,77.2786,26.5,1.93056,0.1,0.7723199999999998,0.04,-59.6367,11.4176102315246,13.578622708700935,0.0,0.0,0.0,0.0,0.0,0.0,0.0,0.0,0.0,0.0,0.0,0.0,0.0,0.0,0.0,0.0,0.0,0.0,3.0,5.0,1e-323,18.0,0.186832725330805,1.08509837977487,0.3470558812825028,3.0,0.276453,226.0,0.0102339257310967
46,46.0,46.0,46.0,46.0,46.0,46.0,25.0,52061.0,61.0,0.0417618935826486,0.002,0.001,0.0167178,0.002,0.001,0.0167178,0.0008,0.0004,0.004207,0.00138831,0.0470448,0.0,0.703476,0.035929,0.012077,0.235237,48.4711,39.5731,26.5,0.17728,0.1,0.07088,0.04,-57.6756,11.28903594345683,13.51060067193557,0.0,0.0,0.0,0.0,0.0,0.0,0.0,0.0,0.0,0.0,0.0,0.0,0.0,0.0,0.0,0.0,0.0,0.0,3.0,5.0,4.24578e-314,17.5,0.1212918359806188,0.8355966076641852,-0.008591356566217,3.0,0.562552,521.0,0.0762843806492614
47,47.0,47.0,47.0,47.0,47.0,47.0,212.0,62063.0,63.0,0.0329380609304613,0.002,0.001,0.0033388,0.002,0.001,0.0033388,0.0008,0.0004,0.002108,0.00069564,0.02764839,0.0,0.909076,0.022494,0.001273,0.148739,30.1808,29.1558,26.5,0.16304,0.1,0.06512,0.04,-56.528,8.679583645378123,11.763145916588542,0.0,0.0,0.0,0.0,0.0,0.0,0.0,0.0,0.0,0.0,0.0,0.0,0.0,0.0,0.0,0.0,0.0,0.0,3.0,5.0,6.40951e-314,20.5,0.100988636438352,1.291532829213416,0.4635315614324083,2.0,0.283916,621.0,0.0175492678187006
48,48.0,48.0,48.0,48.0,48.0,48.0,8.0,55864.0,64.0,0.0354127166560811,0.002,0.001,0.0070023,0.002,0.001,0.0070023,0.0008,0.0004,0.001189,0.00039237,0.04545486,0.0,0.832509,0.046036,0.010998,0.233996,50.7487,26.948,26.5,0.108,0.1,0.0432,0.04,-57.7783,12.23484611892596,13.982540586987918,0.0,0.0,0.0,0.0,0.0,0.0,0.0,0.0,0.0,0.0,0.0,0.0,0.0,0.0,0.0,0.0,0.0,0.0,3.0,5.0,3.14384e-319,20.5,0.0922934771277733,1.5487585343183266,-0.3803883647754881,1.0,0.051684,559.0,0.0967982720735833
49,49.0,49.0,49.0,49.0,49.0,49.0,222.0,17368.0,68.0,0.044955766070202,0.002,0.001,0.0046716,0.002,0.001,0.0046716,0.0008,0.0004,0.001002,0.00033066,0.03491268,0.0,0.73823,0.049368,0.008793,0.249851,28.1896,27.8534,26.5,2.46736,0.1,0.98688,0.04,-55.4688,11.692561286083896,13.719820825914475,0.0,0.0,0.0,0.0,0.0,0.0,0.0,0.0,0.0,0.0,0.0,0.0,0.0,0.0,0.0,0.0,0.0,0.0,3.0,5.0,0.0,24.5,0.1035792582510976,1.3574727098300692,-0.0135722859462849,1.0,0.13941,174.0,0.0838347646779162
50,50.0,50.0,50.0,50.0,50.0,50.0,84.0,127005.0,5.0,0.0369593721419762,0.002,0.001,0.0106369,0.002,0.001,0.0106369,0.0008,0.0004,0.002945,0.00097185,0.04400484,0.0,0.186576,0.032667,0.01237,0.230148,44.0754,77.2903,26.5,0.0587199999999998,0.1,0.02352,0.04,-57.9234,11.036630325826724,13.373158054394922,0.0,0.0,0.0,0.0,0.0,0.0,0.0,0.0,0.0,0.0,0.0,0.0,0.0,0.0,0.0,0.0,0.0,0.0,3.0,5.0,0.0,22.0,0.132859906548268,1.0503925806471106,-0.0416977022472413,3.0,1.0374560000000002,1271.0,0.249125745212017
51,51.0,51.0,51.0,51.0,51.0,51.0,114.0,57567.0,67.0,0.0433420814183729,0.002,0.001,0.0049436,0.002,0.001,0.0049436,0.0008,0.0004,0.000994,0.00032802,0.04840836,0.0,0.735958,0.035456,0.007325,0.195859,30.5441,59.2191,26.5,0.78224,0.1,0.3129599999999998,0.04,-58.1047,11.848443091349518,13.797408432331379,0.0,0.0,0.0,0.0,0.0,0.0,0.0,0.0,0.0,0.0,0.0,0.0,0.0,0.0,0.0,0.0,0.0,0.0,3.0,5.0,4.24816e-314,23.0,0.2021068276548624,1.8598470791211923,0.302335044186732,3.0,0.748523,576.0,0.0559030343147575
52,52.0,52.0,52.0,52.0,52.0,52.0,62.0,55193.0,93.0,0.0502620672470318,0.002,0.001,0.0088723,0.002,0.001,0.0088723,0.0008,0.0004,0.005498,0.00181434,0.0564696,0.0,0.435333,0.040368,0.005809,0.231387,35.1991,31.3488,26.5,1.64976,0.1,0.66,0.04,-61.3484,8.73305777225051,11.808093103070904,0.0,0.0,0.0,0.0,0.0,0.0,0.0,0.0,0.0,0.0,0.0,0.0,0.0,0.0,0.0,0.0,0.0,0.0,3.0,5.0,6.47678e-314,23.5,0.1706295830980593,1.606014226894893,0.422252460729568,2.0,0.231447,552.0,0.0132417492355489
53,53.0,53.0,53.0,53.0,53.0,53.0,94.0,54745.0,45.0,0.0235323626055797,0.002,0.001,0.0082637,0.002,0.001,0.0082637,0.0008,0.0004,0.00043,0.0001419,0.03617724,0.0,0.688839,0.046144,0.007535,0.267334,26.1469,49.9286,26.5,1.0273599999999998,0.1,0.41088,0.04,-57.5881,14.055991471519281,14.739291864969472,0.0,0.0,0.0,0.0,0.0,0.0,0.0,0.0,0.0,0.0,0.0,0.0,0.0,0.0,0.0,0.0,0.0,0.0,3.0,5.0,0.0,20.5,0.1727520956676436,1.2322270814246383,0.3612935028005978,2.0,0.337206,548.0,0.0374540195345945
54,54.0,54.0,54.0,54.0,54.0,54.0,240.0,65085.0,85.0,0.0218522490664182,0.002,0.001,0.0052581,0.002,0.001,0.0052581,0.0008,0.0004,0.000731,0.00024123,0.04618845,0.0,0.469438,0.039782,0.007304,0.158764,37.1456,53.5085,26.5,0.212,0.1,0.0848,0.04,-56.4363,12.650247231339794,14.170961071837688,0.0,0.0,0.0,0.0,0.0,0.0,0.0,0.0,0.0,0.0,0.0,0.0,0.0,0.0,0.0,0.0,0.0,0.0,3.0,5.0,4.2481e-314,21.5,0.2722272051275883,1.047704028535145,0.8072356206235789,1.0,0.146926,651.0,0.0873895049172111
55,55.0,55.0,55.0,55.0,55.0,55.0,34.0,66402.0,2.0,0.0357616417279975,0.002,0.001,0.0018734,0.002,0.001,0.0018734,0.0008,0.0004,0.003964,0.0013081199999999,0.06580398,0.0,0.697961,0.043449,0.004988,0.116859,47.9974,33.1802,26.5,0.1038399999999998,0.1,0.04144,0.04,-58.9593,5.8831057441071,8.39421906962775,0.0,0.0,0.0,0.0,0.0,0.0,0.0,0.0,0.0,0.0,0.0,0.0,0.0,0.0,0.0,0.0,0.0,0.0,3.0,5.0,0.0,24.0,0.1685231045542306,1.4327673761885136,0.2504689209474665,1.0,0.220953,665.0,0.3990539296554431
56,56.0,56.0,56.0,56.0,56.0,56.0,146.0,3629.0,29.0,0.0463295619270893,0.002,0.001,0.0103428,0.002,0.001,0.0103428,0.0008,0.0004,0.0033,0.001089,0.04166547,0.0,0.660265,0.033736,0.009304,0.213293,28.2365,61.7045,26.5,0.14688,0.1,0.0587199999999998,0.04,-58.3804,10.648493055198031,13.150995986260577,0.0,0.0,0.0,0.0,0.0,0.0,0.0,0.0,0.0,0.0,0.0,0.0,0.0,0.0,0.0,0.0,0.0,0.0,3.0,5.0,6.47198e-314,23.5,0.1066525936938121,2.632879116631784,-0.4748107735446237,1.0,0.101455,37.0,0.3068320159652211
57,57.0,57.0,57.0,57.0,57.0,57.0,33.0,94115.0,15.0,0.0492510012523975,0.002,0.001,0.0015878,0.002,0.001,0.0015878,0.0008,0.0004,0.002781,0.00091773,0.0277760999999999,0.0,0.659256,0.038613,0.004049,0.173831,64.8782,53.3018,26.5,1.92304,0.1,0.76928,0.04,-56.9283,6.210854511800567,8.933677104842868,0.0,0.0,0.0,0.0,0.0,0.0,0.0,0.0,0.0,0.0,0.0,0.0,0.0,0.0,0.0,0.0,0.0,0.0,3.0,5.0,0.0,22.5,0.1840736719550773,0.9205842388965052,0.2748877971837641,2.0,0.473259,942.0,0.0912634393145048
58,58.0,58.0,58.0,58.0,58.0,58.0,155.0,129883.0,83.0,0.0469083261217709,0.002,0.001,0.0039015,0.002,0.001,0.0039015,0.0008,0.0004,0.00096,0.0003168,0.04755036,0.0,0.737601,0.031281,0.006265,0.187922,32.9914,48.0934,26.5,0.25696,0.1,0.10288,0.04,-57.6565,11.347228256357909,13.541549264923722,0.0,0.0,0.0,0.0,0.0,0.0,0.0,0.0,0.0,0.0,0.0,0.0,0.0,0.0,0.0,0.0,0.0,0.0,3.0,5.0,6.44593e-314,21.5,0.49585449312968,1.258910925746269,1.8777334176502725,4.0,1.795145,1299.0,0.5916679298614411
59,59.0,59.0,59.0,59.0,59.0,59.0,42.0,59725.0,25.0,0.0293811266526751,0.002,0.001,0.0045305,0.002,0.001,0.0045305,0.0008,0.0004,0.005734,0.00189222,0.04424904,0.0,0.492508,0.040485,0.007895,0.16807,59.1693,39.5836,26.5,2.056,0.1,0.8223999999999998,0.04,-58.2088,6.875744496065587,9.880021540386231,0.0,0.0,0.0,0.0,0.0,0.0,0.0,0.0,0.0,0.0,0.0,0.0,0.0,0.0,0.0,0.0,0.0,0.0,3.0,5.0,4.27935e-314,23.5,0.131857188205383,1.0738652342472674,0.2709895492827482,2.0,0.506871,598.0,0.079956399481668
60,60.0,60.0,60.0,60.0,60.0,60.0,215.0,79985.0,85.0,0.0319956050179761,0.002,0.001,0.0022236,0.002,0.001,0.0022236,0.0008,0.0004,0.002118,0.00069894,0.04729296,0.0,0.708161,0.048404,0.010053,0.232016,54.7636,52.0571,26.5,1.6424,0.1,0.65696,0.04,-55.5915,7.558895700595461,10.69006264045316,0.0,0.0,0.0,0.0,0.0,0.0,0.0,0.0,0.0,0.0,0.0,0.0,0.0,0.0,0.0,0.0,0.0,0.0,3.0,5.0,4.28417e-314,24.0,0.2834478688278812,2.8072082229554622,0.6108692930639612,2.0,0.68435,800.0,0.1650289320120719
61,61.0,61.0,61.0,61.0,61.0,61.0,11.0,22329.0,29.0,0.0523658691280521,0.002,0.001,0.00578,0.002,0.001,0.00578,0.0008,0.0004,0.001885,0.00062205,0.03613236,0.0,0.289897,0.03398,0.006271,0.231589,30.6859,53.1024,26.5,0.9572799999999998,0.1,0.38288,0.04,-59.0074,10.587364407323498,13.114736312685206,0.0,0.0,0.0,0.0,0.0,0.0,0.0,0.0,0.0,0.0,0.0,0.0,0.0,0.0,0.0,0.0,0.0,0.0,3.0,5.0,6.43783e-314,21.5,0.111166642776077,1.2188181782232914,-0.1432314663571619,1.0,0.091394,224.0,0.1387384257196768
62,62.0,62.0,62.0,62.0,62.0,62.0,85.0,124199.0,99.0,0.0282100318768412,0.002,0.001,0.0080614,0.002,0.001,0.0080614,0.0008,0.0004,0.003392,0.00111936,0.03935547,0.0,0.714793,0.050899,0.006257,0.19332,34.1972,57.3209,26.5,1.02624,0.1,0.4104,0.04,-56.705,9.858484457647787,12.652636765782418,0.0,0.0,0.0,0.0,0.0,0.0,0.0,0.0,0.0,0.0,0.0,0.0,0.0,0.0,0.0,0.0,0.0,0.0,3.0,5.0,2.16073e-314,22.5,0.2570502370960266,1.6785701123194203,0.5292269699211475,1.0,0.206312,1242.0,0.3030575307532379
63,63.0,63.0,63.0,63.0,63.0,63.0,83.0,21315.0,15.0,0.0710920483101113,0.002,0.001,0.0144177,0.002,0.001,0.0144177,0.0008,0.0004,0.006941,0.00229053,0.0361548,0.0,0.648212,0.029583,0.004924,0.195508,34.9521,42.5006,26.5,2.088,0.1,0.8351999999999998,0.04,-58.9818,9.465864991261629,12.378186427549032,0.0,0.0,0.0,0.0,0.0,0.0,0.0,0.0,0.0,0.0,0.0,0.0,0.0,0.0,0.0,0.0,0.0,0.0,3.0,5.0,0.0,24.0,0.1720689016273245,1.7172847256870876,0.0430588727866305,4.0,0.519732,214.0,0.2819163349857607
64,64.0,64.0,64.0,64.0,64.0,64.0,68.0,25071.0,71.0,0.0526017830838635,0.002,0.001,0.0016711,0.002,0.001,0.0016711,0.0008,0.0004,0.001674,0.00055242,0.04000722,0.0,0.292935,0.042984,0.00681,0.248675,36.0381,50.1936,26.5,0.12176,0.1,0.04864,0.04,-59.0632,7.431436468029682,10.549391504371862,0.0,0.0,0.0,0.0,0.0,0.0,0.0,0.0,0.0,0.0,0.0,0.0,0.0,0.0,0.0,0.0,0.0,0.0,3.0,5.0,4.26177e-314,21.0,0.0843589825832732,1.4448266811142387,-0.1594567224895845,1.0,0.051963,251.0,0.2560936013768364
65,65.0,65.0,65.0,65.0,65.0,65.0,244.0,64254.0,54.0,0.0019339364183501,0.002,0.001,0.0053839,0.002,0.001,0.0053839,0.0008,0.0004,0.005368,0.00177144,0.03581919,0.0,0.65622,0.037975,0.005481,0.308398,31.2118,57.0492,26.5,0.15328,0.1,0.06128,0.04,-59.6363,7.443194673552925,10.562554240813482,0.0,0.0,0.0,0.0,0.0,0.0,0.0,0.0,0.0,0.0,0.0,0.0,0.0,0.0,0.0,0.0,0.0,0.0,3.0,5.0,6.44833e-314,29.5,0.0988989242895992,1.7662774145453493,0.0856113277437146,3.0,0.7383299999999999,643.0,1.5489918855033085
66,66.0,66.0,66.0,66.0,66.0,66.0,116.0,88739.0,39.0,0.0184610068649101,0.002,0.001,0.0080053,0.002,0.001,0.0080053,0.0008,0.0004,0.000966,0.00031878,0.03541395,0.0,0.994288,0.015185,0.006955,0.220994,22.6642,50.5146,26.5,1.40576,0.1,0.5624,0.04,-57.5609,12.916391742368148,14.286360908119226,0.0,0.0,0.0,0.0,0.0,0.0,0.0,0.0,0.0,0.0,0.0,0.0,0.0,0.0,0.0,0.0,0.0,0.0,3.0,5.0,6.41383e-314,27.5,0.2910103802419589,2.1657042391067858,0.5813622478856836,1.0,0.328337,888.0,0.9496670296811116
67,67.0,67.0,67.0,67.0,67.0,67.0,148.0,13576.0,76.0,0.0489356958626823,0.002,0.001,0.0018377,0.002,0.001,0.0018377,0.0008,0.0004,0.000816,0.00026928,0.04102131,0.0,0.515469,0.036178,0.0089,0.23355,33.9776,25.521,26.5,1.38576,0.1,0.55424,0.04,-55.2716,9.701842659252016,12.545476585884716,0.0,0.0,0.0,0.0,0.0,0.0,0.0,0.0,0.0,0.0,0.0,0.0,0.0,0.0,0.0,0.0,0.0,0.0,3.0,5.0,6.46793e-314,26.5,0.1225007221305094,2.6357901752432635,-0.2591683894158264,1.0,0.077251,136.0,0.3879894685804288
68,68.0,68.0,68.0,68.0,68.0,68.0,18.0,57269.0,69.0,0.0488233381926365,0.002,0.001,0.0031076,0.002,0.001,0.0031076,0.0008,0.0004,0.007051,0.00232683,0.048378,0.0,0.089404,0.033757,0.011329,0.170406,46.7291,50.9155,26.5,0.18544,0.1,0.07424,0.04,-58.9845,5.772772693485653,8.199876037520724,0.0,0.0,0.0,0.0,0.0,0.0,0.0,0.0,0.0,0.0,0.0,0.0,0.0,0.0,0.0,0.0,0.0,0.0,3.0,5.0,6.46968e-314,27.5,0.1911886694836547,2.1659092471406773,0.0638886948731283,3.0,0.5927370000000001,573.0,0.0666525492036146
69,69.0,69.0,69.0,69.0,69.0,69.0,3.0,4862.0,62.0,0.0152136439245055,0.002,0.001,0.0167178,0.002,0.001,0.0167178,0.0008,0.0004,0.004207,0.00138831,0.03750285,0.0,0.643475,0.039086,0.008467,0.193632,41.0015,48.393,26.5,0.16736,0.1,0.06688,0.04,-55.0251,11.28903594345683,13.51060067193557,0.0,0.0,0.0,0.0,0.0,0.0,0.0,0.0,0.0,0.0,0.0,0.0,0.0,0.0,0.0,0.0,0.0,0.0,3.0,5.0,0.0,27.0,0.1567934198163745,3.4571049864746715,-0.193315018095703,1.0,0.102837,49.0,0.0063964066827954
70,70.0,70.0,70.0,70.0,70.0,70.0,173.0,97522.0,22.0,0.0286030115376395,0.002,0.001,0.0041667,0.002,0.001,0.0041667,0.0008,0.0004,0.001215,0.00040095,0.04612674,0.0,0.632139,0.022363,0.006718,0.175432,37.5578,60.8301,26.5,1.34816,0.1,0.5392,0.04,-58.9984,10.89648985035247,13.294508291755564,0.0,0.0,0.0,0.0,0.0,0.0,0.0,0.0,0.0,0.0,0.0,0.0,0.0,0.0,0.0,0.0,0.0,0.0,3.0,5.0,6.43661e-314,29.0,0.2391638606107662,2.043736652343504,0.4819594231784854,2.0,0.686975,976.0,0.6997135356217953
71,71.0,71.0,71.0,71.0,71.0,71.0,22.0,80283.0,83.0,0.0144615137142253,0.002,0.001,0.0094163,0.002,0.001,0.0094163,0.0008,0.0004,0.00464,0.0015312,0.04754739,0.0,0.662309,0.036186,0.005064,0.17455,37.8154,40.3374,26.5,0.16496,0.1,0.06608,0.04,-58.2338,9.397867517780746,12.32861182704059,0.0,0.0,0.0,0.0,0.0,0.0,0.0,0.0,0.0,0.0,0.0,0.0,0.0,0.0,0.0,0.0,0.0,0.0,3.0,5.0,6.44384e-314,28.0,0.0727760269338087,2.9466447277979606,-0.2694938245544296,1.0,0.227216,803.0,0.1386204652642644
72,72.0,72.0,72.0,72.0,72.0,72.0,17.0,76823.0,23.0,0.0377653934644695,0.002,0.001,0.0093925,0.002,0.001,0.0093925,0.0008,0.0004,0.004808,0.00158664,0.04160574,0.0,0.5365,0.03487,0.009586,0.217772,26.194,39.7631,26.5,0.14208,0.1,0.0568,0.04,-55.4957,9.286661152393144,12.246156216063277,0.0,0.0,0.0,0.0,0.0,0.0,0.0,0.0,0.0,0.0,0.0,0.0,0.0,0.0,0.0,0.0,0.0,0.0,3.0,5.0,6.4793e-314,27.0,0.166341959871714,2.418301553479031,0.0517373814193381,2.0,0.557281,769.0,0.6829393621507238
73,73.0,73.0,73.0,73.0,73.0,73.0,99.0,93708.0,8.0,0.0361720055949267,0.002,0.001,0.0148189,0.002,0.001,0.0148189,0.0008,0.0004,0.002409,0.00079497,0.04638117,0.0,0.584407,0.024945,0.006876,0.206136,49.0341,44.5112,26.5,1.46432,0.1,0.58576,0.04,-57.4807,12.32925707734192,14.026293167385871,0.0,0.0,0.0,0.0,0.0,0.0,0.0,0.0,0.0,0.0,0.0,0.0,0.0,0.0,0.0,0.0,0.0,0.0,3.0,5.0,0.0,32.0,0.3154373125617935,2.395574695419638,0.8845138966676257,1.0,0.482783,938.0,0.7220315833329639
74,74.0,74.0,74.0,74.0,74.0,74.0,207.0,128975.0,75.0,0.0419486187054972,0.002,0.001,0.0015912,0.002,0.001,0.0015912,0.0008,0.0004,0.007674,0.00253242,0.06210303,0.0,0.336454,0.027608,0.012766,0.275473,26.7407,65.8028,26.5,2.23904,0.1,0.8956799999999998,0.04,-58.8547,4.902108146104879,6.39346480040484,0.0,0.0,0.0,0.0,0.0,0.0,0.0,0.0,0.0,0.0,0.0,0.0,0.0,0.0,0.0,0.0,0.0,0.0,3.0,5.0,6.47386e-314,33.5,0.1807972487384197,2.1794781308473308,0.1675019447442703,2.0,0.750017,1290.0,0.0340569063502249
75,75.0,75.0,75.0,75.0,75.0,75.0,170.0,129322.0,22.0,0.0361621482142105,0.002,0.001,0.0051799,0.002,0.001,0.0051799,0.0008,0.0004,0.003713,0.00122529,0.05438598,0.0,0.81262,0.031257,0.00352,0.146283,48.0722,14.7477,26.5,1.62448,0.1,0.64976,0.04,-57.6224,8.32086915954367,11.448249400897692,0.0,0.0,0.0,0.0,0.0,0.0,0.0,0.0,0.0,0.0,0.0,0.0,0.0,0.0,0.0,0.0,0.0,0.0,3.0,5.0,6.4397e-314,33.0,0.2392572345372156,1.7880061439552613,0.5703740513712177,1.0,0.477559,1294.0,0.479386190081753
76,76.0,76.0,76.0,76.0,76.0,76.0,205.0,121032.0,32.0,0.0219541623240517,0.002,0.001,0.0130339,0.002,0.001,0.0130339,0.0008,0.0004,0.002938,0.00096954,0.03963234,0.0,1.22646,0.020249,0.008393,0.208448,45.699,57.0971,26.5,0.0819199999999998,0.1,0.0327999999999998,0.04,-58.6167,11.56977107399772,13.65746456519597,0.0,0.0,0.0,0.0,0.0,0.0,0.0,0.0,0.0,0.0,0.0,0.0,0.0,0.0,0.0,0.0,0.0,0.0,3.0,5.0,4.11e-321,30.5,0.2213258826437467,2.609907186267648,0.2769782658408919,3.0,1.128434,1211.0,0.2325026466536214
77,77.0,77.0,77.0,77.0,77.0,77.0,166.0,51980.0,80.0,0.0108233776003668,0.002,0.001,0.0075038,0.002,0.001,0.0075038,0.0008,0.0004,0.008212,0.00270996,0.06480276,0.0,0.575872,0.013695,0.010534,0.160107,38.4698,37.9965,26.5,1.52208,0.1,0.6088,0.04,-56.9007,7.214096275464191,10.29896858846554,0.0,0.0,0.0,0.0,0.0,0.0,0.0,0.0,0.0,0.0,0.0,0.0,0.0,0.0,0.0,0.0,0.0,0.0,3.0,5.0,6.41562e-314,34.0,0.2193173796987001,2.2896127502346566,0.4425806991778069,1.0,0.244489,520.0,0.7028364787261204
78,78.0,78.0,78.0,78.0,78.0,78.0,184.0,59439.0,39.0,0.0620002150854521,0.002,0.001,0.0088281,0.002,0.001,0.0088281,0.0008,0.0004,0.002016,0.00066528,0.04677981,0.0,0.404357,0.070625,0.004126,0.331394,37.1422,19.0444,26.5,0.21776,0.1,0.08704,0.04,-59.0911,11.537230423007315,13.64075169063415,0.0,0.0,0.0,0.0,0.0,0.0,0.0,0.0,0.0,0.0,0.0,0.0,0.0,0.0,0.0,0.0,0.0,0.0,3.0,5.0,6.48381e-314,32.5,0.0685536210506779,1.786360669311127,-0.242806862930911,4.0,0.865813,595.0,0.8969086100815372
79,79.0,79.0,79.0,79.0,79.0,79.0,169.0,60348.0,48.0,0.0125138358396278,0.002,0.001,0.0100572,0.002,0.001,0.0100572,0.0008,0.0004,0.002845,0.00093885,0.02802723,0.0,0.753648,0.014166,0.001688,0.22017,47.2069,51.6709,26.5,2.27488,0.1,0.90992,0.04,-57.6811,10.978777306766604,13.34089768397841,0.0,0.0,0.0,0.0,0.0,0.0,0.0,0.0,0.0,0.0,0.0,0.0,0.0,0.0,0.0,0.0,0.0,0.0,3.0,5.0,2.3312400000000002e-219,32.5,0.2735698951612403,1.748353529156737,0.6650191494630019,2.0,0.515208,604.0,0.168987641957839
80,80.0,80.0,80.0,80.0,80.0,80.0,249.0,8791.0,91.0,0.0069691300813269,0.002,0.001,0.0096271,0.002,0.001,0.0096271,0.0008,0.0004,0.006973,0.00230109,0.03837174,0.0,0.818118,0.034941,0.005877,0.214867,46.6266,56.8974,26.5,1.5664,0.1,0.62656,0.04,-58.1447,8.291869041592115,11.421719985264042,0.0,0.0,0.0,0.0,0.0,0.0,0.0,0.0,0.0,0.0,0.0,0.0,0.0,0.0,0.0,0.0,0.0,0.0,3.0,5.0,4.26367e-314,31.0,0.0952678970825941,2.2702566009648293,-0.3599925656607902,1.0,0.082555,88.0,0.5355910607726166
81,81.0,81.0,81.0,81.0,81.0,81.0,47.0,17076.0,76.0,0.0456741619202236,0.002,0.001,0.0112625,0.002,0.001,0.0112625,0.0008,0.0004,0.006236,0.00205788,0.0366729,0.0,0.759878,0.02339,0.009194,0.199295,49.0899,55.7066,26.5,0.18512,0.1,0.07408,0.04,-54.2456,9.058130474469667,12.071096904387343,0.0,0.0,0.0,0.0,0.0,0.0,0.0,0.0,0.0,0.0,0.0,0.0,0.0,0.0,0.0,0.0,0.0,0.0,3.0,5.0,6.47367e-314,30.5,0.107238376002209,1.4407157901536876,0.0215694124514613,2.0,0.20305,171.0,0.0078918643938788
82,82.0,82.0,82.0,82.0,82.0,82.0,31.0,28330.0,30.0,0.0252761467624075,0.002,0.001,0.0037621,0.002,0.001,0.0037621,0.0008,0.0004,0.002352,0.00077616,0.04376031,0.0,0.48462,0.031715,0.003074,0.170631,39.488,68.2982,26.5,1.22272,0.1,0.48912,0.04,-59.253,8.707734808734847,11.786869777471207,0.0,0.0,0.0,0.0,0.0,0.0,0.0,0.0,0.0,0.0,0.0,0.0,0.0,0.0,0.0,0.0,0.0,0.0,3.0,5.0,6.40968e-314,33.0,0.0616010553511904,1.7216693344710612,0.0311283107398128,3.0,0.371271,284.0,0.3241318187960151
83,83.0,83.0,83.0,83.0,83.0,83.0,88.0,131923.0,23.0,0.04112519240621,0.002,0.001,0.0017493,0.002,0.001,0.0017493,0.0008,0.0004,0.004292,0.00141636,0.05982207,0.0,0.252425,0.04603,0.006979,0.269588,47.8815,64.0234,26.5,1.80384,0.1,0.72144,0.04,-57.0765,5.655808183651816,7.986244965778289,0.0,0.0,0.0,0.0,0.0,0.0,0.0,0.0,0.0,0.0,0.0,0.0,0.0,0.0,0.0,0.0,0.0,0.0,3.0,5.0,6.40217e-314,40.0,0.1894289902242814,2.744689271991837,0.2425400788959296,1.0,0.360649,1320.0,0.3636147283427406
84,84.0,84.0,84.0,84.0,84.0,84.0,67.0,59628.0,28.0,0.0092022351305863,0.002,0.001,0.0167178,0.002,0.001,0.0167178,0.0008,0.0004,0.004207,0.00138831,0.01984752,0.0,0.759276,0.028552,0.004413,0.338173,42.588,34.5166,26.5,0.15824,0.1,0.0632,0.04,-56.8612,11.28903594345683,13.51060067193557,0.0,0.0,0.0,0.0,0.0,0.0,0.0,0.0,0.0,0.0,0.0,0.0,0.0,0.0,0.0,0.0,0.0,0.0,3.0,5.0,4.82e-321,36.5,0.0687414592099577,2.3996684330449494,0.1300465218943141,2.0,0.377051,597.0,0.785407104650156
85,85.0,85.0,85.0,85.0,85.0,85.0,200.0,26767.0,67.0,0.0487642342006658,0.002,0.001,0.010302,0.002,0.001,0.010302,0.0008,0.0004,0.002618,0.00086394,0.03432495,0.0,0.847852,0.040629,0.002895,0.261319,42.7496,32.2132,26.5,2.41312,0.1,0.96528,0.04,-58.3625,11.263508566469003,13.496938702314651,0.0,0.0,0.0,0.0,0.0,0.0,0.0,0.0,0.0,0.0,0.0,0.0,0.0,0.0,0.0,0.0,0.0,0.0,3.0,5.0,4.26709e-314,37.5,0.1155528889920875,2.1265037623855583,0.0232224620965044,1.0,0.089641,268.0,0.0998714184761933
86,86.0,86.0,86.0,86.0,86.0,86.0,92.0,98260.0,60.0,0.0180166748223082,0.002,0.001,0.0125885,0.002,0.001,0.0125885,0.0008,0.0004,0.001279,0.00042207,0.02983431,0.0,0.889266,0.026719,0.003723,0.269015,50.2658,72.3061,26.5,0.2471999999999998,0.1,0.09888,0.04,-55.8078,13.208940684216179,14.40875205098346,0.0,0.0,0.0,0.0,0.0,0.0,0.0,0.0,0.0,0.0,0.0,0.0,0.0,0.0,0.0,0.0,0.0,0.0,3.0,5.0,6.40094e-314,40.0,0.0474101922966861,2.64607800752951,-0.2958752090135102,2.0,0.62305,983.0,0.5183271032206931
87,87.0,87.0,87.0,87.0,87.0,87.0,43.0,22936.0,36.0,0.0493699126897468,0.002,0.001,0.0080801,0.002,0.001,0.0080801,0.0008,0.0004,0.004302,0.00141966,0.03956205,0.0,0.603754,0.026203,0.003391,0.245675,31.5839,71.6209,26.5,0.764,0.1,0.3056,0.04,-56.1499,9.172087453745007,12.159357126774779,0.0,0.0,0.0,0.0,0.0,0.0,0.0,0.0,0.0,0.0,0.0,0.0,0.0,0.0,0.0,0.0,0.0,0.0,3.0,5.0,6.41236e-314,42.5,0.1352538554336306,2.8250276579076496,-0.2892408794346428,1.0,0.080172,230.0,0.9321730053842482
88,88.0,88.0,88.0,88.0,88.0,88.0,101.0,93340.0,40.0,0.0373731919805318,0.002,0.001,0.001156,0.002,0.001,0.001156,0.0008,0.0004,0.003318,0.00109494,0.04357848,0.0,1.10826,0.050502,0.006803,0.249866,43.1129,56.1937,26.5,1.2670400000000002,0.1,0.50672,0.04,-54.3405,5.441550486161675,7.573245764361023,0.0,0.0,0.0,0.0,0.0,0.0,0.0,0.0,0.0,0.0,0.0,0.0,0.0,0.0,0.0,0.0,0.0,0.0,3.0,5.0,6.47465e-314,42.0,0.1244186243464976,2.289007232621262,0.0939736054834549,1.0,0.259688,934.0,0.7623487992561278
89,89.0,89.0,89.0,89.0,89.0,89.0,29.0,30834.0,34.0,0.025147199279322,0.002,0.001,0.0109446,0.002,0.001,0.0109446,0.0008,0.0004,0.004363,0.00143979,0.05345967,0.0,0.533261,0.017662,0.006696,0.267969,48.4125,47.0551,26.5,0.0648,0.1,0.02592,0.04,-57.7648,10.01508303180437,12.756834891322494,0.0,0.0,0.0,0.0,0.0,0.0,0.0,0.0,0.0,0.0,0.0,0.0,0.0,0.0,0.0,0.0,0.0,0.0,3.0,5.0,6.47436e-314,43.5,0.0595513429711684,3.1161714535005176,-0.2500089866592993,3.0,0.326999,309.0,1.8548814497667747
90,90.0,90.0,90.0,90.0,90.0,90.0,7.0,30834.0,34.0,0.0119036511004516,0.002,0.001,0.0083691,0.002,0.001,0.0083691,0.0008,0.0004,0.000387,0.00012771,0.05345967,0.0,0.533261,0.017662,0.006696,0.267969,48.4125,47.0551,26.5,0.0648,0.1,0.02592,0.04,-57.7648,14.164103936020561,14.779141897819313,0.0,0.0,0.0,0.0,0.0,0.0,0.0,0.0,0.0,0.0,0.0,0.0,0.0,0.0,0.0,0.0,0.0,0.0,3.0,5.0,6.47436e-314,43.5,0.0595513429711684,3.1161714535005176,-0.2500089866592993,3.0,0.326999,309.0,3.974983415489596
91,91.0,91.0,91.0,91.0,91.0,91.0,51.0,84443.0,43.0,0.0214542383449658,0.002,0.001,0.0059721,0.002,0.001,0.0059721,0.0008,0.0004,0.006814,0.00224862,0.04827471,0.0,0.948789,0.036398,0.005208,0.241011,34.7926,57.9092,26.5,0.15936,0.1,0.06368,0.04,-57.7058,7.114605689353785,10.179618745705472,0.0,0.0,0.0,0.0,0.0,0.0,0.0,0.0,0.0,0.0,0.0,0.0,0.0,0.0,0.0,0.0,0.0,0.0,3.0,5.0,0.0,41.0,0.1565516012927089,3.249761223070533,-0.1124867599532217,1.0,0.322937,845.0,0.2393839104525806
92,92.0,92.0,92.0,92.0,92.0,92.0,98.0,30834.0,34.0,0.0520839039020855,0.002,0.001,0.0104142,0.002,0.001,0.0104142,0.0008,0.0004,0.000972,0.00032076,0.05345967,0.0,0.533261,0.017662,0.006696,0.267969,48.4125,47.0551,26.5,0.0648,0.1,0.02592,0.04,-57.7648,13.341171981545086,14.462615711051187,0.0,0.0,0.0,0.0,0.0,0.0,0.0,0.0,0.0,0.0,0.0,0.0,0.0,0.0,0.0,0.0,0.0,0.0,3.0,5.0,6.47436e-314,43.5,0.0595513429711684,3.1161714535005176,-0.2500089866592993,3.0,0.326999,309.0,1.593704645053729
93,93.0,93.0,93.0,93.0,93.0,93.0,74.0,28050.0,50.0,0.0224302965814931,0.002,0.001,0.0098379,0.002,0.001,0.0098379,0.0008,0.0004,0.003793,0.00125169,0.04323231,0.0,0.505387,0.003971,0.003638,0.236606,35.9801,84.8582,26.5,0.22352,0.1,0.08944,0.04,-57.2207,10.11147072966414,12.819570050782506,0.0,0.0,0.0,0.0,0.0,0.0,0.0,0.0,0.0,0.0,0.0,0.0,0.0,0.0,0.0,0.0,0.0,0.0,3.0,5.0,4.28503e-314,47.0,0.064768454020247,3.3994582458594382,0.1019253771532071,4.0,0.386341,281.0,1.511057950124905
94,94.0,94.0,94.0,94.0,94.0,94.0,90.0,26557.0,57.0,0.0431995688291278,0.002,0.001,0.0083572,0.002,0.001,0.0083572,0.0008,0.0004,0.000959,0.00031647,0.04498032,0.0,0.964616,0.03144,0.004968,0.269923,35.8184,61.2872,26.5,1.5568000000000002,0.1,0.62272,0.04,-59.5553,13.005384578124453,14.324073340643963,0.0,0.0,0.0,0.0,0.0,0.0,0.0,0.0,0.0,0.0,0.0,0.0,0.0,0.0,0.0,0.0,0.0,0.0,3.0,5.0,4.28043e-314,45.5,0.0764520898172316,2.5839193155513924,-0.0550796307158637,1.0,0.080251,266.0,2.47751886016822
95,95.0,95.0,95.0,95.0,95.0,95.0,39.0,61033.0,33.0,0.0335250113023985,0.002,0.001,0.0120309,0.002,0.001,0.0120309,0.0008,0.0004,0.003449,0.00113817,0.05793348,0.0,0.670649,0.028634,0.008212,0.289875,35.9476,85.1163,26.5,0.23616,0.1,0.09456,0.04,-55.0532,10.942712553295145,13.320639675106808,0.0,0.0,0.0,0.0,0.0,0.0,0.0,0.0,0.0,0.0,0.0,0.0,0.0,0.0,0.0,0.0,0.0,0.0,3.0,5.0,6.47963e-314,51.0,0.0478350131887942,4.170507715602191,-0.1916858745625423,1.0,0.089422,611.0,0.0774027578475705
96,96.0,96.0,96.0,96.0,96.0,96.0,238.0,26520.0,20.0,0.0369311224997857,0.002,0.001,0.0080665,0.002,0.001,0.0080665,0.0008,0.0004,0.001109,0.00036597,0.04554792,0.0,0.636181,0.024759,0.003806,0.300513,47.771,32.9172,26.5,1.57904,0.1,0.63168,0.04,-58.2612,12.672046126472047,14.180564131593965,0.0,0.0,0.0,0.0,0.0,0.0,0.0,0.0,0.0,0.0,0.0,0.0,0.0,0.0,0.0,0.0,0.0,0.0,3.0,5.0,6.47098e-314,53.5,0.0689942432579516,3.18614377365514,-0.113292180104619,1.0,0.053291,266.0,10.302219548349134
97,97.0,97.0,97.0,97.0,97.0,97.0,103.0,59288.0,88.0,0.0303379264392737,0.002,0.001,0.0050218,0.002,0.001,0.0050218,0.0008,0.0004,0.00912,0.0030096,0.05076621,0.0,0.792337,0.03906,0.001713,0.261304,48.1723,38.9807,26.5,0.13312,0.1,0.05328,0.04,-56.4593,6.144717398850305,8.829130505851,0.0,0.0,0.0,0.0,0.0,0.0,0.0,0.0,0.0,0.0,0.0,0.0,0.0,0.0,0.0,0.0,0.0,0.0,3.0,5.0,6.4722e-314,56.0,0.0569602269311784,3.7518484206960734,-0.1031413131766401,2.0,0.415612,593.0,6.14310629514372
98,98.0,98.0,98.0,98.0,98.0,98.0,161.0,48844.0,44.0,0.0374973880730782,0.002,0.001,0.0069938,0.002,0.001,0.0069938,0.0008,0.0004,0.001135,0.00037455,0.04064511,0.0,0.813395,0.04606,0.010708,0.239144,36.3017,51.0969,26.5,0.17984,0.1,0.072,0.04,-56.0625,12.33289661453407,14.02796861915623,0.0,0.0,0.0,0.0,0.0,0.0,0.0,0.0,0.0,0.0,0.0,0.0,0.0,0.0,0.0,0.0,0.0,0.0,3.0,5.0,0.0,15.0,0.2720563388494896,1.746455933671681,0.8068734525406234,2.0,0.360717,489.0,0.0560098807242176
99,99.0,99.0,99.0,99.0,99.0,99.0,160.0,14010.0,10.0,0.0519152068118355,0.002,0.001,0.0057018,0.002,0.001,0.0057018,0.0008,0.0004,0.003434,0.00113322,0.03828594,0.0,0.834204,0.049134,0.010386,0.16971,38.325,35.7532,26.5,0.21648,0.1,0.08656,0.04,-57.6004,8.814950008554828,11.87597967829979,0.0,0.0,0.0,0.0,0.0,0.0,0.0,0.0,0.0,0.0,0.0,0.0,0.0,0.0,0.0,0.0,0.0,0.0,3.0,5.0,1e-323,4.5,0.3642236488056772,-0.5378697235056932,1.0770731141627266,2.0,0.197436,141.0,0.0080457733911297
