,Unnamed: 0.8,Unnamed: 0.7,Unnamed: 0.6,Unnamed: 0.5,Unnamed: 0.4,Unnamed: 0.3,Unnamed: 0.2,Unnamed: 0.1,Unnamed: 0,gTON_STN_MEAN_nS_pF,gTON_STN_SIGMA,gTON_STN_THETA,gTON_CL_S_MEAN_nS_pF,gTON_CL_S_SIGMA,gTON_CL_S_THETA,gTON_CL_D_MEAN_nS_pF,gTON_CL_D_SIGMA,gTON_CL_D_THETA,gKCC2_S_nS_pF,gKCC2_D_nS_pF,gTRPC3_nS_pF,gHCN_nS_pF,gCA_nS_pF,gL_nS_pF,gSK_nS_pF,gNAP_nS_pF,gNAF_nS_pF,gKDR_nS_pF,gSD_nS,soma_noise_intensity,soma_noise_intensity_theta,dend_noise_intensity,dend_noise_intensity_theta,Eleak_mV,CL_in_S,CL_in_D,Iapp,Iapp_dend,gpe_stim,gpe_stim_freqs,gpe_poisson,W_gpe,gpe_start_time,gpe_base_length,gpe_stim_length,gpe_post_length,str_stim,str_stim_freqs,str_poisson,W_str,str_start_time,str_base_length,str_stim_length,str_post_length,tausyn,tauexc,tausyn_dend,pre_exp_fr,pre_exp_cv,pre_exp_fr_zscore,pre_exp_cv_zscore,connections,total_weight,sim,rel_error
0,0.0,0.0,0.0,0.0,0.0,0.0,185.0,81528.0,28.0,0.0340476387045431,0.02,0.001,0.0015576329999999,0.02,0.001,0.0015576329999999,0.008,0.0004,0.002082,0.00068706,0.11312,0.0,0.548279,0.036129,0.009109,0.134614,32.0256,51.2327,26.5,0.61344,0.1,0.2454,0.04,-59.4177,6.755091461571435,9.721212719142155,0.0,0.0,0.0,0.0,0.0,0.0,0.0,0.0,0.0,0.0,0.0,0.0,0.0,0.0,0.0,0.0,0.0,0.0,3.0,5.0,4.82e-321,4.0,0.2502248238373493,-0.5753229731691537,0.6737822922654476,2.0,0.622449,816.0,0.0254303052102637
1,1.0,1.0,1.0,1.0,1.0,1.0,186.0,47103.0,3.0,0.0421658995308215,0.02,0.001,0.002233902,0.02,0.001,0.002233902,0.008,0.0004,0.000858,0.00028314,0.086856,0.0,0.887928,0.052616,0.006945,0.161861,36.662,54.0916,26.5,0.4749599999999999,0.1,0.1900199999999999,0.04,-56.768,10.122459072043341,12.826655966122583,0.0,0.0,0.0,0.0,0.0,0.0,0.0,0.0,0.0,0.0,0.0,0.0,0.0,0.0,0.0,0.0,0.0,0.0,3.0,5.0,0.0,2.0,0.3031521925575683,-1.0507809531188013,0.5900853689817129,5.0,0.991818,472.0,0.0029379924573373
2,2.0,2.0,2.0,2.0,2.0,2.0,96.0,92307.0,7.0,0.0319854416748827,0.02,0.001,0.001168497,0.02,0.001,0.001168497,0.008,0.0004,0.012801,0.00422433,0.076186,0.0,1.06154,0.035062,0.008455,0.128097,39.7854,27.1872,26.5,0.28938,0.1,0.1157399999999998,0.04,-57.8084,4.429035715202263,5.172010429612654,0.0,0.0,0.0,0.0,0.0,0.0,0.0,0.0,0.0,0.0,0.0,0.0,0.0,0.0,0.0,0.0,0.0,0.0,3.0,5.0,0.0,4.0,0.1035066399256608,-0.3414357566149363,0.021572847003538,1.0,0.236075,924.0,0.0152651620365879
3,3.0,3.0,3.0,3.0,3.0,3.0,188.0,58164.0,64.0,0.048980382624412,0.02,0.001,0.0003248849999999,0.02,0.001,0.0003248849999999,0.008,0.0004,0.003233,0.00106689,0.074683,0.0,0.636782,0.044076,0.010724,0.15529,50.4488,63.0627,26.5,0.46038,0.1,0.18414,0.04,-60.5303,4.467468120116016,5.278023884297442,0.0,0.0,0.0,0.0,0.0,0.0,0.0,0.0,0.0,0.0,0.0,0.0,0.0,0.0,0.0,0.0,0.0,0.0,3.0,5.0,3.14384e-319,3.0,0.1471589176676803,-0.7329459941620562,0.0061029771133743,2.0,0.090351,582.0,0.0240742555080489
4,4.0,4.0,4.0,4.0,4.0,4.0,150.0,78859.0,59.0,0.0499796748062988,0.02,0.001,0.001899579,0.02,0.001,0.001899579,0.008,0.0004,0.001312,0.00043296,0.09451,0.0,0.533496,0.03053,0.007169,0.115043,12.8204,60.4706,26.5,0.06576,0.1,0.02628,0.04,-55.5179,8.424881004355521,11.54204125835933,0.0,0.0,0.0,0.0,0.0,0.0,0.0,0.0,0.0,0.0,0.0,0.0,0.0,0.0,0.0,0.0,0.0,0.0,3.0,5.0,6.48281e-314,3.0,0.3560571026154536,-0.90280820983851,1.1003922868336986,2.0,0.651833,789.0,0.0776641284698416
5,5.0,5.0,5.0,5.0,5.0,5.0,23.0,66110.0,10.0,0.0400763625674321,0.02,0.001,0.001165956,0.02,0.001,0.001165956,0.008,0.0004,0.00269,0.0008877,0.100318,0.0,1.19935,0.015899,0.010233,0.210238,29.0481,18.641,26.5,0.8139,0.1,0.32556,0.04,-56.5581,5.747245906647775,8.153933699281605,0.0,0.0,0.0,0.0,0.0,0.0,0.0,0.0,0.0,0.0,0.0,0.0,0.0,0.0,0.0,0.0,0.0,0.0,3.0,5.0,1e-323,3.5,0.0872836680596964,-0.5687580516638726,-0.2804324911293014,3.0,0.71033,662.0,0.0382155270387607
6,6.0,6.0,6.0,6.0,6.0,6.0,210.0,118476.0,76.0,0.044362658225644,0.02,0.001,0.001721346,0.02,0.001,0.001721346,0.008,0.0004,0.003392,0.00111936,0.057962,0.0,0.675808,0.043778,0.00805,0.169077,19.2961,52.2104,26.5,0.06372,0.1,0.0254999999999998,0.04,-56.3618,6.001491096011681,8.595385957297609,0.0,0.0,0.0,0.0,0.0,0.0,0.0,0.0,0.0,0.0,0.0,0.0,0.0,0.0,0.0,0.0,0.0,0.0,3.0,5.0,6.40663e-314,4.5,0.3945991857359928,-0.5907453937081006,1.016948331832718,2.0,0.924156,1185.0,0.0424577275202442
7,7.0,7.0,7.0,7.0,7.0,7.0,172.0,124120.0,20.0,0.0402713030029679,0.02,0.001,0.00125961,0.02,0.001,0.00125961,0.008,0.0004,0.004276,0.00141108,0.110732,0.0,0.764274,0.054807,0.008124,0.1595,43.4084,63.5912,26.5,0.5309399999999999,0.1,0.2124,0.04,-58.9219,5.240444701628195,7.158100227403226,0.0,0.0,0.0,0.0,0.0,0.0,0.0,0.0,0.0,0.0,0.0,0.0,0.0,0.0,0.0,0.0,0.0,0.0,3.0,5.0,6.47844e-314,4.0,0.1989401832901281,-0.4660118681991761,0.21086965607091,1.0,0.238459,1242.0,0.0065670445809396
8,8.0,8.0,8.0,8.0,8.0,8.0,223.0,48987.0,87.0,0.0482098165270305,0.02,0.001,0.002279277,0.02,0.001,0.002279277,0.008,0.0004,0.001747,0.00057651,0.092705,0.0,0.430305,0.048689,0.008068,0.169934,31.1721,38.8836,26.5,0.36312,0.1,0.14526,0.04,-57.8398,8.135524951777416,11.275749054080126,0.0,0.0,0.0,0.0,0.0,0.0,0.0,0.0,0.0,0.0,0.0,0.0,0.0,0.0,0.0,0.0,0.0,0.0,3.0,5.0,6.44555e-314,4.0,0.3617382682855741,-0.5472940684483523,1.1759202138682998,3.0,0.67847,490.0,0.0782889064418901
9,9.0,9.0,9.0,9.0,9.0,9.0,193.0,19149.0,49.0,0.0322920934535892,0.02,0.001,0.000878097,0.02,0.001,0.000878097,0.008,0.0004,0.004405,0.00145365,0.128077,0.0,0.846194,0.031748,0.01435,0.236351,32.1249,56.4262,26.5,0.8237999999999999,0.1,0.32952,0.04,-57.784,4.8702867195109,6.3170019840525224,0.0,0.0,0.0,0.0,0.0,0.0,0.0,0.0,0.0,0.0,0.0,0.0,0.0,0.0,0.0,0.0,0.0,0.0,3.0,5.0,6.41663e-314,9.0,0.3542399154597326,-0.0632888037083952,0.933455787648628,3.0,0.359607,192.0,0.0143051857809303
10,10.0,10.0,10.0,10.0,10.0,10.0,46.0,22545.0,45.0,0.0338630412002311,0.02,0.001,0.001062138,0.02,0.001,0.001062138,0.008,0.0004,0.003548,0.00117084,0.095379,0.0,0.790757,0.037773,0.007262,0.178878,27.7186,48.2671,26.5,0.6384599999999998,0.1,0.25536,0.04,-58.4186,5.258564189513552,7.196655750836281,0.0,0.0,0.0,0.0,0.0,0.0,0.0,0.0,0.0,0.0,0.0,0.0,0.0,0.0,0.0,0.0,0.0,0.0,3.0,5.0,0.0,9.5,0.0677181912060259,0.1400844219791328,-0.2259302658255842,1.0,0.08862,226.0,0.1354856524509147
11,11.0,11.0,11.0,11.0,11.0,11.0,82.0,102829.0,29.0,0.0482806193315421,0.02,0.001,0.000331056,0.02,0.001,0.000331056,0.008,0.0004,0.005606,0.00184998,0.083728,0.0,0.74875,0.038174,0.008076,0.20181,44.032,46.6504,26.5,0.05802,0.1,0.0232199999999998,0.04,-57.1775,4.293393637490125,4.7887054998427265,0.0,0.0,0.0,0.0,0.0,0.0,0.0,0.0,0.0,0.0,0.0,0.0,0.0,0.0,0.0,0.0,0.0,0.0,3.0,5.0,6.4009e-314,8.5,0.3493440392379997,0.0012781716040662,1.123857853601901,3.0,1.211377,1029.0,0.0070973463348527
12,12.0,12.0,12.0,12.0,12.0,12.0,139.0,79571.0,71.0,0.0329824691491106,0.02,0.001,0.001192092,0.02,0.001,0.001192092,0.008,0.0004,0.003127,0.00103191,0.099648,0.0,0.629857,0.037472,0.01047,0.148956,38.546,47.5841,26.5,0.69168,0.1,0.27666,0.04,-56.0686,5.561284913162564,7.807604992662749,0.0,0.0,0.0,0.0,0.0,0.0,0.0,0.0,0.0,0.0,0.0,0.0,0.0,0.0,0.0,0.0,0.0,0.0,3.0,5.0,4.24751e-314,9.5,0.1453491971958857,0.0850403240103491,-0.1940842271680165,1.0,0.421595,796.0,0.0389541053227404
13,13.0,13.0,13.0,13.0,13.0,13.0,241.0,88926.0,26.0,0.0362716629799966,0.02,0.001,0.001492656,0.02,0.001,0.001492656,0.008,0.0004,0.002897,0.00095601,0.063839,0.0,0.470485,0.027191,0.009969,0.186572,47.0454,20.4499,26.5,0.57192,0.1,0.2287799999999999,0.04,-58.4085,6.0275423189550885,8.638669253206155,0.0,0.0,0.0,0.0,0.0,0.0,0.0,0.0,0.0,0.0,0.0,0.0,0.0,0.0,0.0,0.0,0.0,0.0,3.0,5.0,4.11e-321,5.5,0.4658087204834373,-0.4470508676769117,1.5797431871171563,2.0,0.538683,890.0,0.0012526008217884
14,14.0,14.0,14.0,14.0,14.0,14.0,102.0,1853.0,53.0,0.0278542780783463,0.02,0.001,0.000519453,0.02,0.001,0.000519453,0.008,0.0004,0.001247,0.00041151,0.086169,0.0,0.798471,0.036765,0.008085,0.171093,33.7487,47.2315,26.5,0.0661199999999998,0.1,0.0264599999999999,0.04,-57.287,5.687738394573073,8.045363764271663,0.0,0.0,0.0,0.0,0.0,0.0,0.0,0.0,0.0,0.0,0.0,0.0,0.0,0.0,0.0,0.0,0.0,0.0,3.0,5.0,4.26863e-314,8.5,0.1154294022543187,0.0809781793206134,-0.3109615887683641,2.0,0.227193,19.0,0.0083678699331265
15,15.0,15.0,15.0,15.0,15.0,15.0,89.0,74804.0,4.0,0.0384457838881177,0.02,0.001,0.001335477,0.02,0.001,0.001335477,0.008,0.0004,0.004925,0.00162525,0.096489,0.0,0.655395,0.04531,0.009221,0.16168,41.1366,52.1033,26.5,0.0624,0.1,0.0249599999999999,0.04,-55.8911,5.151127433697437,6.964590005518256,0.0,0.0,0.0,0.0,0.0,0.0,0.0,0.0,0.0,0.0,0.0,0.0,0.0,0.0,0.0,0.0,0.0,0.0,3.0,5.0,0.0,7.0,0.3495862436722388,-0.0164055077626972,1.627848448769258,3.0,0.952438,749.0,0.0177092187246343
16,16.0,16.0,16.0,16.0,16.0,16.0,167.0,42252.0,52.0,0.0335925793191862,0.02,0.001,0.003108369,0.02,0.001,0.003108369,0.008,0.0004,0.001556,0.00051348,0.112891,0.0,0.732641,0.044424,0.00803,0.146116,44.1692,53.0108,26.5,0.0595799999999999,0.1,0.0238199999999999,0.04,-57.7285,9.351886414529982,12.294728477558376,0.0,0.0,0.0,0.0,0.0,0.0,0.0,0.0,0.0,0.0,0.0,0.0,0.0,0.0,0.0,0.0,0.0,0.0,3.0,5.0,6.41321e-314,8.5,0.494507504299548,-0.1418973249540882,1.3162429017963329,2.0,0.240822,423.0,0.0083864631114698
17,17.0,17.0,17.0,17.0,17.0,17.0,45.0,14965.0,65.0,0.0450592515086967,0.02,0.001,0.00205458,0.02,0.001,0.00205458,0.008,0.0004,0.00071,0.0002343,0.115079,0.0,0.581415,0.050626,0.010004,0.181358,35.4941,44.8527,26.5,0.67266,0.1,0.2691,0.04,-58.9538,10.424294911560434,13.016219825383025,0.0,0.0,0.0,0.0,0.0,0.0,0.0,0.0,0.0,0.0,0.0,0.0,0.0,0.0,0.0,0.0,0.0,0.0,3.0,5.0,6.40597e-314,7.5,0.1825167668614295,-0.1055090214204873,0.1926688235356071,1.0,0.079759,150.0,0.0023569674724055
18,18.0,18.0,18.0,18.0,18.0,18.0,178.0,94194.0,94.0,0.0259528361070347,0.02,0.001,0.002761341,0.02,0.001,0.002761341,0.008,0.0004,0.001404,0.00046332,0.071439,0.0,0.37301,0.048852,0.007901,0.222205,53.9703,40.6479,26.5,0.56052,0.1,0.22422,0.04,-55.5352,9.306387496915521,12.260909589267275,0.0,0.0,0.0,0.0,0.0,0.0,0.0,0.0,0.0,0.0,0.0,0.0,0.0,0.0,0.0,0.0,0.0,0.0,3.0,5.0,6.43749e-314,15.0,0.2114224202764801,0.3120005639979782,0.4149010145629286,5.0,1.5838800000000002,942.0,0.0105635858949293
19,19.0,19.0,19.0,19.0,19.0,19.0,141.0,24121.0,21.0,0.0338121115158406,0.02,0.001,0.000715473,0.02,0.001,0.000715473,0.008,0.0004,0.002275,0.00075075,0.111692,0.0,0.785676,0.037941,0.011605,0.242746,37.1989,36.0446,26.5,0.42828,0.1,0.1713,0.04,-56.0436,5.3155464976950135,7.316395222421705,0.0,0.0,0.0,0.0,0.0,0.0,0.0,0.0,0.0,0.0,0.0,0.0,0.0,0.0,0.0,0.0,0.0,0.0,3.0,5.0,4.25267e-314,13.5,0.1086859170487177,0.337601707425912,-0.1698934610330177,1.0,0.059864,242.0,0.2015567140014074
20,20.0,20.0,20.0,20.0,20.0,20.0,161.0,48844.0,44.0,0.0388479720109912,0.02,0.001,0.001795035,0.02,0.001,0.001795035,0.008,0.0004,0.000484,0.00015972,0.123167,0.0,0.813395,0.04606,0.010708,0.239144,36.3017,51.0969,26.5,0.06744,0.1,0.0269999999999999,0.04,-56.0625,11.107374758087621,13.412216936247763,0.0,0.0,0.0,0.0,0.0,0.0,0.0,0.0,0.0,0.0,0.0,0.0,0.0,0.0,0.0,0.0,0.0,0.0,3.0,5.0,0.0,15.0,0.2720563388494896,1.746455933671681,0.8068734525406234,2.0,0.360717,489.0,0.0560098807242176
21,21.0,21.0,21.0,21.0,21.0,21.0,203.0,90928.0,28.0,0.0434594819184261,0.02,0.001,0.000905685,0.02,0.001,0.000905685,0.008,0.0004,0.002239,0.00073887,0.099271,0.0,0.479737,0.032737,0.010145,0.206835,36.2043,10.5366,26.5,0.7574399999999999,0.1,0.3029999999999998,0.04,-56.3898,5.644873863126467,7.965859448867087,0.0,0.0,0.0,0.0,0.0,0.0,0.0,0.0,0.0,0.0,0.0,0.0,0.0,0.0,0.0,0.0,0.0,0.0,3.0,5.0,4.82e-321,13.0,0.0935107136909707,0.7057256667400508,-0.3681637078342079,0.0,0.0,910.0,0.0918554257849683
22,22.0,22.0,22.0,22.0,22.0,22.0,191.0,22994.0,94.0,0.0402424692885095,0.02,0.001,0.000358281,0.02,0.001,0.000358281,0.008,0.0004,0.002959,0.00097647,0.160091,0.0,0.287581,0.049332,0.010597,0.220027,28.9419,47.6055,26.5,0.8481000000000001,0.1,0.33924,0.04,-59.8925,4.55286692749644,5.509349955074536,0.0,0.0,0.0,0.0,0.0,0.0,0.0,0.0,0.0,0.0,0.0,0.0,0.0,0.0,0.0,0.0,0.0,0.0,3.0,5.0,6.41236e-314,13.5,0.2194457988656245,0.1428930342598565,0.0989465430755205,2.0,0.274919,230.0,0.0967323466453676
23,23.0,23.0,23.0,23.0,23.0,23.0,2.0,12384.0,84.0,0.032368935033039,0.02,0.001,0.003151929,0.02,0.001,0.003151929,0.008,0.0004,0.003642,0.00120186,0.116514,0.0,0.698501,0.048105,0.008109,0.238944,25.874,57.6584,26.5,0.6495,0.1,0.2598,0.04,-59.927,7.08483474059398,10.14330165536738,0.0,0.0,0.0,0.0,0.0,0.0,0.0,0.0,0.0,0.0,0.0,0.0,0.0,0.0,0.0,0.0,0.0,0.0,3.0,5.0,6.40149e-314,13.5,0.0545474556878352,0.5997540761982842,-0.5429660268063401,0.0,0.0,124.0,0.0023981011602142
24,24.0,24.0,24.0,24.0,24.0,24.0,236.0,112918.0,18.0,0.0335033424694448,0.02,0.001,0.001693032,0.02,0.001,0.001693032,0.008,0.0004,0.001953,0.00064449,0.094575,0.0,0.479149,0.045069,0.011974,0.147321,45.5954,50.501,26.5,0.4412399999999999,0.1,0.17652,0.04,-55.0008,7.088764760426297,10.148112029256186,0.0,0.0,0.0,0.0,0.0,0.0,0.0,0.0,0.0,0.0,0.0,0.0,0.0,0.0,0.0,0.0,0.0,0.0,3.0,5.0,6.46899e-314,10.5,0.2202472917073133,0.1985908374421997,0.2773119843904624,1.0,0.454108,1130.0,0.0049546595604615
25,25.0,25.0,25.0,25.0,25.0,25.0,237.0,44481.0,81.0,0.0404948646118671,0.02,0.001,0.000464277,0.02,0.001,0.000464277,0.008,0.0004,0.001283,0.00042339,0.125992,0.0,0.801517,0.037433,0.011333,0.164652,37.3136,48.2578,26.5,0.06006,0.1,0.024,0.04,-57.384,5.490937503027864,7.671031230868727,0.0,0.0,0.0,0.0,0.0,0.0,0.0,0.0,0.0,0.0,0.0,0.0,0.0,0.0,0.0,0.0,0.0,0.0,3.0,5.0,4.28315e-314,15.0,0.1286359399524383,0.5543494569256167,-0.0830401857068401,1.0,0.240077,445.0,0.2031112524401148
26,26.0,26.0,26.0,26.0,26.0,26.0,56.0,122806.0,6.0,0.020401711264594,0.02,0.001,0.001072302,0.02,0.001,0.001072302,0.008,0.0004,0.00912,0.0030096,0.120299,0.0,0.281659,0.028491,0.014497,0.186541,44.4114,54.3134,26.5,0.0654,0.1,0.02616,0.04,-58.573,4.538384989327714,5.47053742405688,0.0,0.0,0.0,0.0,0.0,0.0,0.0,0.0,0.0,0.0,0.0,0.0,0.0,0.0,0.0,0.0,0.0,0.0,3.0,5.0,0.0,15.0,0.2374074746593366,0.6953163237692611,0.2949573459555362,1.0,0.353473,1229.0,0.0194928339354373
27,27.0,27.0,27.0,27.0,27.0,27.0,201.0,2828.0,28.0,0.047658678779346,0.02,0.001,0.001369962,0.02,0.001,0.001369962,0.008,0.0004,0.006069,0.00200277,0.093529,0.0,0.557785,0.039231,0.00802,0.156346,44.6405,56.0161,26.5,0.0738,0.1,0.0295199999999999,0.04,-56.6084,4.9746697953200405,6.5648241964866,0.0,0.0,0.0,0.0,0.0,0.0,0.0,0.0,0.0,0.0,0.0,0.0,0.0,0.0,0.0,0.0,0.0,0.0,3.0,5.0,4.82e-321,11.0,0.1853794200431019,0.4555815635519358,0.038304438951034,2.0,0.166068,29.0,0.0826690082838774
28,28.0,28.0,28.0,28.0,28.0,28.0,36.0,46360.0,60.0,0.0437167839394515,0.02,0.001,0.002327919,0.02,0.001,0.002327919,0.008,0.0004,0.001675,0.00055275,0.106976,0.0,0.533834,0.030976,0.008963,0.134872,36.262,51.4034,26.5,0.7331399999999999,0.1,0.29322,0.04,-57.2387,8.310318644387392,11.438617128629204,0.0,0.0,0.0,0.0,0.0,0.0,0.0,0.0,0.0,0.0,0.0,0.0,0.0,0.0,0.0,0.0,0.0,0.0,3.0,5.0,6.4833e-314,12.0,0.0592225220220368,0.4748472663323413,-0.6802167909029855,0.0,0.0,464.0,0.0644464132600041
29,29.0,29.0,29.0,29.0,29.0,29.0,53.0,48753.0,53.0,0.0395678869593465,0.02,0.001,0.00037752,0.02,0.001,0.00037752,0.008,0.0004,0.00496,0.0016368,0.111264,0.0,0.852243,0.040624,0.009713,0.200049,35.7295,56.1758,26.5,0.75666,0.1,0.30264,0.04,-56.438,4.365409733970788,4.993954978535966,0.0,0.0,0.0,0.0,0.0,0.0,0.0,0.0,0.0,0.0,0.0,0.0,0.0,0.0,0.0,0.0,0.0,0.0,3.0,5.0,4.27795e-314,13.5,0.2462504730532058,0.9941600150440252,0.7465597095503389,1.0,0.233031,488.0,0.1349094102179775
30,30.0,30.0,30.0,30.0,30.0,30.0,196.0,29385.0,85.0,0.0437987196772742,0.02,0.001,0.000411642,0.02,0.001,0.000411642,0.008,0.0004,0.003553,0.00117249,0.088568,0.0,0.155552,0.063561,0.006196,0.307796,45.8005,30.1618,26.5,1.00536,0.1,0.4021799999999998,0.04,-58.2055,4.531272365020287,5.451412681784993,0.0,0.0,0.0,0.0,0.0,0.0,0.0,0.0,0.0,0.0,0.0,0.0,0.0,0.0,0.0,0.0,0.0,0.0,3.0,5.0,4.28613e-314,19.0,0.094734079824588,0.8547044989626471,0.0354665461053231,1.0,0.046283,294.0,0.1168733244910537
31,31.0,31.0,31.0,31.0,31.0,31.0,48.0,972.0,72.0,0.0359401172917876,0.02,0.001,0.00135036,0.02,0.001,0.00135036,0.008,0.0004,0.000887,0.00029271,0.118853,0.0,0.671788,0.039536,0.009775,0.159926,35.6932,45.2528,26.5,0.56166,0.1,0.22464,0.04,-55.5296,8.566769101398743,11.666671440785217,0.0,0.0,0.0,0.0,0.0,0.0,0.0,0.0,0.0,0.0,0.0,0.0,0.0,0.0,0.0,0.0,0.0,0.0,3.0,5.0,0.0,17.0,0.1445085339506019,1.4313599986629175,-0.5257292179711585,1.0,0.099615,10.0,0.1206927222962443
32,32.0,32.0,32.0,32.0,32.0,32.0,206.0,58260.0,60.0,0.0513390308995507,0.02,0.001,0.002199417,0.02,0.001,0.002199417,0.008,0.0004,0.00376,0.0012408,0.12362,0.0,0.921642,0.041992,0.007785,0.293393,36.3046,57.8571,26.5,0.07368,0.1,0.02946,0.04,-59.0385,6.256000108074984,9.003857920326135,0.0,0.0,0.0,0.0,0.0,0.0,0.0,0.0,0.0,0.0,0.0,0.0,0.0,0.0,0.0,0.0,0.0,0.0,3.0,5.0,6.40971e-314,19.5,0.2025370985146373,1.177929826263289,0.6463026873665224,3.0,0.398584,583.0,0.1074759191452586
33,33.0,33.0,33.0,33.0,33.0,33.0,25.0,52061.0,61.0,0.0227665963135566,0.02,0.001,0.000338679,0.02,0.001,0.000338679,0.008,0.0004,0.004022,0.00132726,0.14256,0.0,0.703476,0.035929,0.012077,0.235237,48.4711,39.5731,26.5,0.06648,0.1,0.02658,0.04,-57.6756,4.3994078771582865,5.089488829109269,0.0,0.0,0.0,0.0,0.0,0.0,0.0,0.0,0.0,0.0,0.0,0.0,0.0,0.0,0.0,0.0,0.0,0.0,3.0,5.0,4.24578e-314,17.5,0.1212918359806188,0.8355966076641852,-0.008591356566217,3.0,0.562552,521.0,0.0762843806492614
34,34.0,34.0,34.0,34.0,34.0,34.0,251.0,22848.0,48.0,0.0363619207613805,0.02,0.001,0.000970299,0.02,0.001,0.000970299,0.008,0.0004,0.000439,0.00014487,0.095252,0.0,0.213598,0.033867,0.007403,0.214067,34.5174,63.0115,26.5,0.0754799999999999,0.1,0.03018,0.04,-56.4925,9.64715652631241,12.507348424765429,0.0,0.0,0.0,0.0,0.0,0.0,0.0,0.0,0.0,0.0,0.0,0.0,0.0,0.0,0.0,0.0,0.0,0.0,3.0,5.0,1.47234e-21,20.0,0.251690253962964,1.0956357230866915,0.6935570852055487,3.0,0.334678,229.0,0.0184300069927643
35,35.0,35.0,35.0,35.0,35.0,35.0,190.0,44100.0,0.0,0.0379791751961148,0.02,0.001,0.002473482,0.02,0.001,0.002473482,0.008,0.0004,0.004,0.00132,0.129261,0.0,0.566293,0.051587,0.007175,0.221182,34.3363,58.2285,26.5,0.7132799999999998,0.1,0.2852999999999998,0.04,-56.8218,6.362213438398534,9.165305671679388,0.0,0.0,0.0,0.0,0.0,0.0,0.0,0.0,0.0,0.0,0.0,0.0,0.0,0.0,0.0,0.0,0.0,0.0,3.0,5.0,6.46758e-314,18.0,0.1390749749688081,1.38398715790221,-0.4544725203008993,1.0,0.210109,442.0,0.098451872204086
36,36.0,36.0,36.0,36.0,36.0,36.0,81.0,1184.0,84.0,0.0418113621812238,0.02,0.001,0.001789953,0.02,0.001,0.001789953,0.008,0.0004,0.001664,0.00054912,0.106811,0.0,0.687243,0.038769,0.009482,0.169872,33.2987,49.8976,26.5,0.6050399999999998,0.1,0.24204,0.04,-55.2155,7.621290228510554,10.757345276280857,0.0,0.0,0.0,0.0,0.0,0.0,0.0,0.0,0.0,0.0,0.0,0.0,0.0,0.0,0.0,0.0,0.0,0.0,3.0,5.0,6.43431e-314,16.5,0.0982037041004295,1.294415931678317,-0.5877727899375956,1.0,0.103169,12.0,0.1832396903052286
37,37.0,37.0,37.0,37.0,37.0,37.0,204.0,85041.0,41.0,0.031531845198767,0.02,0.001,0.000427614,0.02,0.001,0.000427614,0.008,0.0004,0.008546,0.00282018,0.097202,0.0,0.790571,0.029749,0.009284,0.232551,30.2355,65.4053,26.5,0.05508,0.1,0.0220199999999998,0.04,-57.9266,4.255135089060622,4.678128053074553,0.0,0.0,0.0,0.0,0.0,0.0,0.0,0.0,0.0,0.0,0.0,0.0,0.0,0.0,0.0,0.0,0.0,0.0,3.0,5.0,6.47046e-314,19.5,0.12085780811689,1.2904294823175235,-0.1056412275856198,1.0,0.222095,851.0,0.1144499512073995
38,38.0,38.0,38.0,38.0,38.0,38.0,168.0,22510.0,10.0,0.0359470200076312,0.02,0.001,0.00241758,0.02,0.001,0.00241758,0.008,0.0004,0.001314,0.00043362,0.117755,0.0,0.784945,0.047659,0.004951,0.221608,42.3168,77.2786,26.5,0.72396,0.1,0.2896199999999998,0.04,-59.6367,9.112042956837282,12.11309663763087,0.0,0.0,0.0,0.0,0.0,0.0,0.0,0.0,0.0,0.0,0.0,0.0,0.0,0.0,0.0,0.0,0.0,0.0,3.0,5.0,1e-323,18.0,0.186832725330805,1.08509837977487,0.3470558812825028,3.0,0.276453,226.0,0.0102339257310967
39,39.0,39.0,39.0,39.0,39.0,39.0,174.0,20838.0,38.0,0.0342538666784947,0.02,0.001,0.001102794,0.02,0.001,0.001102794,0.008,0.0004,0.004136,0.00136488,0.120055,0.0,0.488331,0.035333,0.005687,0.145345,42.9498,64.2633,26.5,0.0937799999999998,0.1,0.0375,0.04,-56.3019,5.133719311061676,6.926195077940349,0.0,0.0,0.0,0.0,0.0,0.0,0.0,0.0,0.0,0.0,0.0,0.0,0.0,0.0,0.0,0.0,0.0,0.0,3.0,5.0,4.25246e-314,20.0,0.1050262684824146,1.0535514261330068,0.3048108901683382,1.0,0.117489,209.0,0.4910047883491287
40,40.0,40.0,40.0,40.0,40.0,40.0,58.0,95750.0,50.0,0.0319198522650452,0.02,0.001,0.002016102,0.02,0.001,0.002016102,0.008,0.0004,0.009897,0.00326601,0.138017,0.0,0.390733,0.041416,0.013887,0.204617,45.5526,110.872,26.5,0.55818,0.1,0.22326,0.04,-56.2134,4.8876559962987,6.358838138551068,0.0,0.0,0.0,0.0,0.0,0.0,0.0,0.0,0.0,0.0,0.0,0.0,0.0,0.0,0.0,0.0,0.0,0.0,3.0,5.0,4.28302e-314,16.5,0.1419474178626409,0.6785160029886479,0.2346507782557349,1.0,0.342883,958.0,0.1789362305263595
41,41.0,41.0,41.0,41.0,41.0,41.0,153.0,11941.0,41.0,0.0488114296283031,0.02,0.001,0.001282479,0.02,0.001,0.001282479,0.008,0.0004,0.004195,0.00138435,0.121019,0.0,0.838432,0.045594,0.005488,0.161376,38.2499,51.8679,26.5,0.42,0.1,0.168,0.04,-56.6927,5.282547984678109,7.247331773791336,0.0,0.0,0.0,0.0,0.0,0.0,0.0,0.0,0.0,0.0,0.0,0.0,0.0,0.0,0.0,0.0,0.0,0.0,3.0,5.0,6.41353e-314,18.0,0.1816544079224633,1.6644621754098936,-0.0315568059334071,2.0,0.185615,120.0,0.1485121269402699
42,42.0,42.0,42.0,42.0,42.0,42.0,41.0,59832.0,32.0,0.0368618432532825,0.02,0.001,0.000400389,0.02,0.001,0.000400389,0.008,0.0004,0.004475,0.00147675,0.115972,0.0,0.795029,0.022349,0.011394,0.178097,37.2944,47.7828,26.5,0.0588599999999999,0.1,0.02358,0.04,-58.0117,4.42146724383753,5.150995579620476,0.0,0.0,0.0,0.0,0.0,0.0,0.0,0.0,0.0,0.0,0.0,0.0,0.0,0.0,0.0,0.0,0.0,0.0,3.0,5.0,4.11e-321,19.0,0.0990506002392933,0.8647341023702656,0.3964850190345171,3.0,0.529975,599.0,0.0281435628418026
43,43.0,43.0,43.0,43.0,43.0,43.0,180.0,124678.0,78.0,0.0322969673368387,0.02,0.001,0.000912219,0.02,0.001,0.000912219,0.008,0.0004,0.003514,0.00115962,0.107439,0.0,0.7163,0.039062,0.006143,0.181688,40.9857,62.7941,26.5,0.05352,0.1,0.0214199999999999,0.04,-56.2396,5.106592928426068,6.865917106254696,0.0,0.0,0.0,0.0,0.0,0.0,0.0,0.0,0.0,0.0,0.0,0.0,0.0,0.0,0.0,0.0,0.0,0.0,3.0,5.0,6.4742e-314,15.5,0.1963284117764628,0.7335809276288251,0.7181443123102257,1.0,0.297461,1247.0,0.0234841943090343
44,44.0,44.0,44.0,44.0,44.0,44.0,106.0,99932.0,32.0,0.0327126790647592,0.02,0.001,0.000157542,0.02,0.001,0.000157542,0.008,0.0004,0.002197,0.00072501,0.093152,0.0,0.986125,0.034571,0.007958,0.163289,66.2249,46.8559,26.5,0.7535400000000001,0.1,0.30138,0.04,-56.2852,4.346859363983258,4.94145611931164,0.0,0.0,0.0,0.0,0.0,0.0,0.0,0.0,0.0,0.0,0.0,0.0,0.0,0.0,0.0,0.0,0.0,0.0,3.0,5.0,4.11e-321,15.5,0.0667752753141813,0.5552429848276906,-0.4034642824436762,2.0,0.342194,1000.0,0.5631404994654995
45,45.0,45.0,45.0,45.0,45.0,45.0,66.0,94494.0,94.0,0.035404474123419,0.02,0.001,0.000339768,0.02,0.001,0.000339768,0.008,0.0004,0.007674,0.00253242,0.127949,0.0,0.456384,0.028336,0.011368,0.236229,26.1818,19.6531,26.5,0.05178,0.1,0.0207,0.04,-58.023,4.230621715577522,4.606739677724752,0.0,0.0,0.0,0.0,0.0,0.0,0.0,0.0,0.0,0.0,0.0,0.0,0.0,0.0,0.0,0.0,0.0,0.0,3.0,5.0,6.40524e-314,17.5,0.5120054703775305,0.852356115540853,2.115766709662286,2.0,0.6438090000000001,945.0,0.0674162635089778
46,46.0,46.0,46.0,46.0,46.0,46.0,217.0,11296.0,96.0,0.0423665211685936,0.02,0.001,0.000997524,0.02,0.001,0.000997524,0.008,0.0004,0.001002,0.00033066,0.110632,0.0,0.659977,0.034486,0.008537,0.215517,46.5294,39.4621,26.5,0.0588,0.1,0.02352,0.04,-58.6915,7.424571783552752,10.541689058298296,0.0,0.0,0.0,0.0,0.0,0.0,0.0,0.0,0.0,0.0,0.0,0.0,0.0,0.0,0.0,0.0,0.0,0.0,3.0,5.0,6.48285e-314,19.0,0.0932214976623693,1.4044663279989216,-0.2274993541023834,1.0,0.058558,113.0,0.0307116945273505
47,47.0,47.0,47.0,47.0,47.0,47.0,69.0,126973.0,73.0,0.0350070766017362,0.02,0.001,0.001945317,0.02,0.001,0.001945317,0.008,0.0004,0.002319,0.00076527,0.159545,0.0,0.657084,0.008528,0.007967,0.064433,36.1952,23.9494,26.5,0.67098,0.1,0.26838,0.04,-57.9319,7.012131641736942,10.053410509121282,0.0,0.0,0.0,0.0,0.0,0.0,0.0,0.0,0.0,0.0,0.0,0.0,0.0,0.0,0.0,0.0,0.0,0.0,3.0,5.0,2.57187e-315,22.0,0.1832637278818579,1.1941834144076922,0.1240305483492059,1.0,0.462305,1270.0,0.0297515993317533
48,48.0,48.0,48.0,48.0,48.0,48.0,146.0,3629.0,29.0,0.0493117361937808,0.02,0.001,0.001705011,0.02,0.001,0.001705011,0.008,0.0004,0.006574,0.00216942,0.126259,0.0,0.660265,0.033736,0.009304,0.213293,28.2365,61.7045,26.5,0.05508,0.1,0.0220199999999998,0.04,-58.3804,5.1056702734179025,6.863857198295372,0.0,0.0,0.0,0.0,0.0,0.0,0.0,0.0,0.0,0.0,0.0,0.0,0.0,0.0,0.0,0.0,0.0,0.0,3.0,5.0,6.47198e-314,23.5,0.1066525936938121,2.632879116631784,-0.4748107735446237,1.0,0.101455,37.0,0.3068320159652211
49,49.0,49.0,49.0,49.0,49.0,49.0,42.0,59725.0,25.0,0.0347506233453146,0.02,0.001,0.001434939,0.02,0.001,0.001434939,0.008,0.0004,0.000902,0.00029766,0.134088,0.0,0.492508,0.040485,0.007895,0.16807,59.1693,39.5836,26.5,0.771,0.1,0.3083999999999998,0.04,-58.2088,8.692141992599977,11.773746243121945,0.0,0.0,0.0,0.0,0.0,0.0,0.0,0.0,0.0,0.0,0.0,0.0,0.0,0.0,0.0,0.0,0.0,0.0,3.0,5.0,4.27935e-314,23.5,0.131857188205383,1.0738652342472674,0.2709895492827482,2.0,0.506871,598.0,0.079956399481668
50,50.0,50.0,50.0,50.0,50.0,50.0,162.0,88869.0,69.0,0.0354781303868469,0.02,0.001,0.003569742,0.02,0.001,0.003569742,0.008,0.0004,0.004207,0.00138831,0.143927,0.0,0.69664,0.052407,0.011052,0.198369,49.9364,31.6461,26.5,0.1043399999999999,0.1,0.0417,0.04,-56.9479,7.038700231858578,10.08646012902181,0.0,0.0,0.0,0.0,0.0,0.0,0.0,0.0,0.0,0.0,0.0,0.0,0.0,0.0,0.0,0.0,0.0,0.0,3.0,5.0,6.47851e-314,20.5,0.2290948841361173,1.29957384052861,0.300985533977597,1.0,0.225382,889.0,0.1593850824098989
51,51.0,51.0,51.0,51.0,51.0,51.0,199.0,76472.0,72.0,0.0401465306021016,0.02,0.001,0.001375044,0.02,0.001,0.001375044,0.008,0.0004,0.001549,0.00051117,0.123627,0.0,0.68138,0.029827,0.009337,0.208128,24.2291,32.975,26.5,0.0645599999999998,0.1,0.0258,0.04,-58.4831,7.144840257107465,10.216214108732903,0.0,0.0,0.0,0.0,0.0,0.0,0.0,0.0,0.0,0.0,0.0,0.0,0.0,0.0,0.0,0.0,0.0,0.0,3.0,5.0,0.0,20.5,0.2376116391088348,1.4054594538133842,-0.0601634565206807,1.0,0.35441,765.0,0.118938336877483
52,52.0,52.0,52.0,52.0,52.0,52.0,33.0,94115.0,15.0,0.0369207070287383,0.02,0.001,0.00219978,0.02,0.001,0.00219978,0.008,0.0004,0.002618,0.00086394,0.08417,0.0,0.659256,0.038613,0.004049,0.173831,64.8782,53.3018,26.5,0.72114,0.1,0.2884799999999999,0.04,-56.9283,7.015967502339873,10.058196427776268,0.0,0.0,0.0,0.0,0.0,0.0,0.0,0.0,0.0,0.0,0.0,0.0,0.0,0.0,0.0,0.0,0.0,0.0,3.0,5.0,0.0,22.5,0.1840736719550773,0.9205842388965052,0.2748877971837641,2.0,0.473259,942.0,0.0912634393145048
53,53.0,53.0,53.0,53.0,53.0,53.0,228.0,19026.0,26.0,0.0437256981518255,0.02,0.001,0.000420354,0.02,0.001,0.000420354,0.008,0.0004,0.003436,0.00113388,0.093381,0.0,0.925858,0.031392,0.009267,0.211671,43.6374,58.8045,26.5,0.0498,0.1,0.01992,0.04,-54.7709,4.558052994454533,5.5232074188229765,0.0,0.0,0.0,0.0,0.0,0.0,0.0,0.0,0.0,0.0,0.0,0.0,0.0,0.0,0.0,0.0,0.0,0.0,3.0,5.0,4.11e-321,23.0,0.0728489273615316,1.43846253282372,0.0251408042820914,2.0,0.195196,191.0,0.1206325382833021
54,54.0,54.0,54.0,54.0,54.0,54.0,215.0,79985.0,85.0,0.0286398131554427,0.02,0.001,0.002271291,0.02,0.001,0.002271291,0.008,0.0004,0.002945,0.00097185,0.143312,0.0,0.708161,0.048404,0.010053,0.232016,54.7636,52.0571,26.5,0.6158999999999999,0.1,0.24636,0.04,-55.5915,6.821857120988683,9.809738906200177,0.0,0.0,0.0,0.0,0.0,0.0,0.0,0.0,0.0,0.0,0.0,0.0,0.0,0.0,0.0,0.0,0.0,0.0,3.0,5.0,4.28417e-314,24.0,0.2834478688278812,2.8072082229554622,0.6108692930639612,2.0,0.68435,800.0,0.1650289320120719
55,55.0,55.0,55.0,55.0,55.0,55.0,179.0,8905.0,5.0,0.0297937273604085,0.02,0.001,0.002568951,0.02,0.001,0.002568951,0.008,0.0004,0.003449,0.00113817,0.15915,0.0,0.754488,0.042257,0.010832,0.207565,36.1099,31.8954,26.5,0.5603400000000001,0.1,0.2241599999999999,0.04,-58.1384,6.745465583872388,9.708314951456575,0.0,0.0,0.0,0.0,0.0,0.0,0.0,0.0,0.0,0.0,0.0,0.0,0.0,0.0,0.0,0.0,0.0,0.0,3.0,5.0,0.0,22.0,0.093267744787261,1.5697864394359275,-0.2815076898925405,3.0,0.246614,90.0,0.014005852540777
56,56.0,56.0,56.0,56.0,56.0,56.0,195.0,21076.0,76.0,0.0443402908021367,0.02,0.001,0.002005575,0.02,0.001,0.002005575,0.008,0.0004,0.004808,0.00158664,0.145857,0.0,0.945951,0.046435,0.008223,0.176519,54.1795,46.0887,26.5,0.0467999999999999,0.1,0.01872,0.04,-56.1827,5.689760057296488,8.04908641503047,0.0,0.0,0.0,0.0,0.0,0.0,0.0,0.0,0.0,0.0,0.0,0.0,0.0,0.0,0.0,0.0,0.0,0.0,3.0,5.0,6.43864e-314,24.0,0.0978327686381762,1.6552078487902575,-0.0017798802174551,5.0,0.382642,211.0,0.0105463403249596
57,57.0,57.0,57.0,57.0,57.0,57.0,85.0,124199.0,99.0,0.0356927712121257,0.02,0.001,0.002163843,0.02,0.001,0.002163843,0.008,0.0004,0.001011,0.00033363,0.119259,0.0,0.714793,0.050899,0.006257,0.19332,34.1972,57.3209,26.5,0.38484,0.1,0.1538999999999999,0.04,-56.705,9.553288359499136,12.44100961549769,0.0,0.0,0.0,0.0,0.0,0.0,0.0,0.0,0.0,0.0,0.0,0.0,0.0,0.0,0.0,0.0,0.0,0.0,3.0,5.0,2.16073e-314,22.5,0.2570502370960266,1.6785701123194203,0.5292269699211475,1.0,0.206312,1242.0,0.3030575307532379
58,58.0,58.0,58.0,58.0,58.0,58.0,84.0,127005.0,5.0,0.0276730749704073,0.02,0.001,0.001540209,0.02,0.001,0.001540209,0.008,0.0004,0.005873,0.00193809,0.133348,0.0,0.186576,0.032667,0.01237,0.230148,44.0754,77.2903,26.5,0.0220199999999998,0.1,0.00882,0.04,-57.9234,5.116845972867306,6.888765066500279,0.0,0.0,0.0,0.0,0.0,0.0,0.0,0.0,0.0,0.0,0.0,0.0,0.0,0.0,0.0,0.0,0.0,0.0,3.0,5.0,0.0,22.0,0.132859906548268,1.0503925806471106,-0.0416977022472413,3.0,1.0374560000000002,1271.0,0.249125745212017
59,59.0,59.0,59.0,59.0,59.0,59.0,212.0,62063.0,63.0,0.025663576709286,0.02,0.001,0.001880703,0.02,0.001,0.001880703,0.008,0.0004,0.004787,0.00157971,0.083783,0.0,0.909076,0.022494,0.001273,0.148739,30.1808,29.1558,26.5,0.06114,0.1,0.0244199999999999,0.04,-56.528,5.603261364157736,7.887614600746359,0.0,0.0,0.0,0.0,0.0,0.0,0.0,0.0,0.0,0.0,0.0,0.0,0.0,0.0,0.0,0.0,0.0,0.0,3.0,5.0,6.40951e-314,20.5,0.100988636438352,1.291532829213416,0.4635315614324083,2.0,0.283916,621.0,0.0175492678187006
60,60.0,60.0,60.0,60.0,60.0,60.0,77.0,29722.0,22.0,0.0398852655389771,0.02,0.001,0.002277099,0.02,0.001,0.002277099,0.008,0.0004,0.001608,0.00053064,0.14402,0.0,0.915847,0.04759,0.008535,0.17441,42.1053,59.6534,26.5,1.3826999999999998,0.1,0.55308,0.04,-57.4789,8.362685092985062,11.486209819161557,0.0,0.0,0.0,0.0,0.0,0.0,0.0,0.0,0.0,0.0,0.0,0.0,0.0,0.0,0.0,0.0,0.0,0.0,3.0,5.0,6.40273e-314,21.0,0.0683089680562491,1.0770757018416477,0.0059501599046557,0.0,0.0,298.0,0.7640808248491099
61,61.0,61.0,61.0,61.0,61.0,61.0,159.0,32184.0,84.0,0.0383005743447521,0.02,0.001,0.001416789,0.02,0.001,0.001416789,0.008,0.0004,0.002057,0.00067881,0.171875,0.0,0.723179,0.052309,0.007175,0.148156,62.1396,47.1836,26.5,0.95136,0.1,0.38052,0.04,-57.753,6.579116936502848,9.479873318649926,0.0,0.0,0.0,0.0,0.0,0.0,0.0,0.0,0.0,0.0,0.0,0.0,0.0,0.0,0.0,0.0,0.0,0.0,3.0,5.0,6.44503e-314,20.5,0.1199717598802492,1.216302418346684,0.2043567582201028,1.0,0.167934,322.0,0.0645137563559439
62,62.0,62.0,62.0,62.0,62.0,62.0,11.0,22329.0,29.0,0.0358560605219435,0.02,0.001,0.001807377,0.02,0.001,0.001807377,0.008,0.0004,0.001007,0.00033231,0.109492,0.0,0.289897,0.03398,0.006271,0.231589,30.6859,53.1024,26.5,0.3589799999999998,0.1,0.1435799999999999,0.04,-59.0074,9.040017995693896,12.056886777713089,0.0,0.0,0.0,0.0,0.0,0.0,0.0,0.0,0.0,0.0,0.0,0.0,0.0,0.0,0.0,0.0,0.0,0.0,3.0,5.0,6.43783e-314,21.5,0.111166642776077,1.2188181782232914,-0.1432314663571619,1.0,0.091394,224.0,0.1387384257196768
63,63.0,63.0,63.0,63.0,63.0,63.0,145.0,121863.0,63.0,0.0411827537149771,0.02,0.001,0.003569742,0.02,0.001,0.003569742,0.008,0.0004,0.004207,0.00138831,0.139148,0.0,0.173453,0.016026,0.013074,0.21531,32.8033,42.4009,26.5,0.0882,0.1,0.03528,0.04,-57.1115,7.038700231858578,10.08646012902181,0.0,0.0,0.0,0.0,0.0,0.0,0.0,0.0,0.0,0.0,0.0,0.0,0.0,0.0,0.0,0.0,0.0,0.0,3.0,5.0,6.41624e-314,21.5,0.2796753797018735,1.752344949732385,0.9157010376050116,1.0,0.570156,1219.0,0.1035811201130173
64,64.0,64.0,64.0,64.0,64.0,64.0,209.0,86387.0,87.0,0.046627868418089,0.02,0.001,0.000373527,0.02,0.001,0.000373527,0.008,0.0004,0.004292,0.00141636,0.06088,0.0,0.521725,0.016863,0.006708,0.228678,29.8482,39.9171,26.5,0.3984,0.1,0.15936,0.04,-55.7884,4.411235856471003,5.122515323690653,0.0,0.0,0.0,0.0,0.0,0.0,0.0,0.0,0.0,0.0,0.0,0.0,0.0,0.0,0.0,0.0,0.0,0.0,3.0,5.0,6.47379e-314,20.5,0.2062266696844228,1.120472687853871,0.3243734140710773,2.0,0.731506,864.0,0.473806205965352
65,65.0,65.0,65.0,65.0,65.0,65.0,60.0,29894.0,94.0,0.0503574539796686,0.02,0.001,0.001106061,0.02,0.001,0.001106061,0.008,0.0004,0.004167,0.00137511,0.111137,0.0,0.779131,0.048774,0.005772,0.274654,46.0792,58.8911,26.5,0.0568199999999999,0.1,0.02274,0.04,-57.7263,5.12910245883238,6.915974591144596,0.0,0.0,0.0,0.0,0.0,0.0,0.0,0.0,0.0,0.0,0.0,0.0,0.0,0.0,0.0,0.0,0.0,0.0,3.0,5.0,6.47643e-314,25.5,0.08470739830517,1.622663993062019,0.1048035812466567,2.0,0.132384,299.0,0.7953408784918385
66,66.0,66.0,66.0,66.0,66.0,66.0,18.0,57269.0,69.0,0.0264425166686222,0.02,0.001,0.001629144,0.02,0.001,0.001629144,0.008,0.0004,0.001561,0.00051513,0.1466,0.0,0.089404,0.033757,0.011329,0.170406,46.7291,50.9155,26.5,0.0695399999999999,0.1,0.02784,0.04,-58.9845,7.543770613942561,10.67359861587768,0.0,0.0,0.0,0.0,0.0,0.0,0.0,0.0,0.0,0.0,0.0,0.0,0.0,0.0,0.0,0.0,0.0,0.0,3.0,5.0,6.46968e-314,27.5,0.1911886694836547,2.1659092471406773,0.0638886948731283,3.0,0.5927370000000001,573.0,0.0666525492036146
67,67.0,67.0,67.0,67.0,67.0,67.0,17.0,76823.0,23.0,0.0474067200546883,0.02,0.001,0.000629805,0.02,0.001,0.000629805,0.008,0.0004,0.003929,0.00129657,0.126078,0.0,0.5365,0.03487,0.009586,0.217772,26.194,39.7631,26.5,0.05328,0.1,0.0213,0.04,-55.4957,4.713367202804626,5.928014064644867,0.0,0.0,0.0,0.0,0.0,0.0,0.0,0.0,0.0,0.0,0.0,0.0,0.0,0.0,0.0,0.0,0.0,0.0,3.0,5.0,6.4793e-314,27.0,0.166341959871714,2.418301553479031,0.0517373814193381,2.0,0.557281,769.0,0.6829393621507238
68,68.0,68.0,68.0,68.0,68.0,68.0,246.0,126447.0,47.0,0.0396060220658817,0.02,0.001,0.0023141249999999,0.02,0.001,0.0023141249999999,0.008,0.0004,0.000687,0.00022671,0.135749,0.0,1.23301,0.0209,0.005157,0.221316,40.2611,37.9809,26.5,0.0828599999999999,0.1,0.03312,0.04,-58.5018,10.84755054794777,13.266633576564104,0.0,0.0,0.0,0.0,0.0,0.0,0.0,0.0,0.0,0.0,0.0,0.0,0.0,0.0,0.0,0.0,0.0,0.0,3.0,5.0,4.26564e-314,30.0,0.2537604803081758,1.8984620361909623,0.358218378512841,2.0,0.791024,1265.0,0.3609436327544626
69,69.0,69.0,69.0,69.0,69.0,69.0,230.0,19032.0,32.0,0.0111833817104021,0.02,0.001,0.001122759,0.02,0.001,0.001122759,0.008,0.0004,0.000731,0.00024123,0.166878,0.0,1.10455,0.030617,0.009014,0.14535,40.275,86.7534,26.5,0.03642,0.1,0.01458,0.04,-55.9748,8.5919195836237,11.68837613492758,0.0,0.0,0.0,0.0,0.0,0.0,0.0,0.0,0.0,0.0,0.0,0.0,0.0,0.0,0.0,0.0,0.0,0.0,3.0,5.0,4.11e-321,30.0,0.0831276736911682,2.156667791722867,0.078459133085241,3.0,0.32051,191.0,0.0757058316632592
70,70.0,70.0,70.0,70.0,70.0,70.0,157.0,61711.0,11.0,0.0225382255677283,0.02,0.001,0.001275219,0.02,0.001,0.001275219,0.008,0.0004,0.006814,0.00224862,0.074846,0.0,0.45652,0.039964,0.000834,0.256725,46.8629,32.5446,26.5,0.80334,0.1,0.3213599999999998,0.04,-57.2308,4.8215941153453885,6.198430763166104,0.0,0.0,0.0,0.0,0.0,0.0,0.0,0.0,0.0,0.0,0.0,0.0,0.0,0.0,0.0,0.0,0.0,0.0,3.0,5.0,4.26057e-314,26.5,0.246789039136645,1.428812675165071,0.8387447792708133,2.0,0.550327,618.0,0.1151274858093365
71,71.0,71.0,71.0,71.0,71.0,71.0,3.0,4862.0,62.0,0.0379307091140266,0.02,0.001,0.002147508,0.02,0.001,0.002147508,0.008,0.0004,0.002845,0.00093885,0.113645,0.0,0.643475,0.039086,0.008467,0.193632,41.0015,48.393,26.5,0.06276,0.1,0.0250799999999999,0.04,-55.0251,6.774537314605884,9.747164151905425,0.0,0.0,0.0,0.0,0.0,0.0,0.0,0.0,0.0,0.0,0.0,0.0,0.0,0.0,0.0,0.0,0.0,0.0,3.0,5.0,0.0,27.0,0.1567934198163745,3.4571049864746715,-0.193315018095703,1.0,0.102837,49.0,0.0063964066827954
72,72.0,72.0,72.0,72.0,72.0,72.0,113.0,25784.0,84.0,0.0548894889807623,0.02,0.001,0.001262151,0.02,0.001,0.001262151,0.008,0.0004,0.001078,0.00035574,0.101337,0.0,0.700425,0.033353,0.002753,0.179312,41.9934,36.1814,26.5,0.99576,0.1,0.39834,0.04,-58.6638,7.843150347778815,10.988618573662755,0.0,0.0,0.0,0.0,0.0,0.0,0.0,0.0,0.0,0.0,0.0,0.0,0.0,0.0,0.0,0.0,0.0,0.0,3.0,5.0,6.43462e-314,27.0,0.0492810840664087,1.4301714666539815,-0.121592938178876,1.0,0.07176,258.0,0.7901667969558474
73,73.0,73.0,73.0,73.0,73.0,73.0,207.0,128975.0,75.0,0.0338895866176526,0.02,0.001,0.000889713,0.02,0.001,0.000889713,0.008,0.0004,0.001215,0.00040095,0.188191,0.0,0.336454,0.027608,0.012766,0.275473,26.7407,65.8028,26.5,0.83964,0.1,0.3358799999999998,0.04,-58.8547,6.708675000262445,9.658701345506001,0.0,0.0,0.0,0.0,0.0,0.0,0.0,0.0,0.0,0.0,0.0,0.0,0.0,0.0,0.0,0.0,0.0,0.0,3.0,5.0,6.47386e-314,33.5,0.1807972487384197,2.1794781308473308,0.1675019447442703,2.0,0.750017,1290.0,0.0340569063502249
74,74.0,74.0,74.0,74.0,74.0,74.0,99.0,93708.0,8.0,0.0250893936965808,0.02,0.001,0.000656667,0.02,0.001,0.000656667,0.008,0.0004,0.001073,0.00035409,0.140549,0.0,0.584407,0.024945,0.006876,0.206136,49.0341,44.5112,26.5,0.54912,0.1,0.2196599999999999,0.04,-57.4807,6.342103169918039,9.135124531572755,0.0,0.0,0.0,0.0,0.0,0.0,0.0,0.0,0.0,0.0,0.0,0.0,0.0,0.0,0.0,0.0,0.0,0.0,3.0,5.0,0.0,32.0,0.3154373125617935,2.395574695419638,0.8845138966676257,1.0,0.482783,938.0,0.7220315833329639
75,75.0,75.0,75.0,75.0,75.0,75.0,184.0,59439.0,39.0,0.0436738872938562,0.02,0.001,0.002365671,0.02,0.001,0.002365671,0.008,0.0004,0.005979,0.00197307,0.141757,0.0,0.404357,0.070625,0.004126,0.331394,37.1422,19.0444,26.5,0.08166,0.1,0.03264,0.04,-59.0911,5.61325784649245,7.906507782585093,0.0,0.0,0.0,0.0,0.0,0.0,0.0,0.0,0.0,0.0,0.0,0.0,0.0,0.0,0.0,0.0,0.0,0.0,3.0,5.0,6.48381e-314,32.5,0.0685536210506779,1.786360669311127,-0.242806862930911,4.0,0.865813,595.0,0.8969086100815372
76,76.0,76.0,76.0,76.0,76.0,76.0,133.0,16929.0,29.0,0.0367236666675393,0.02,0.001,0.001188462,0.02,0.001,0.001188462,0.008,0.0004,0.000894,0.00029502,0.150022,0.0,0.826401,0.048194,0.005129,0.206697,42.8819,25.4254,26.5,0.72426,0.1,0.2896799999999998,0.04,-58.1414,8.187092407714198,11.324453528391118,0.0,0.0,0.0,0.0,0.0,0.0,0.0,0.0,0.0,0.0,0.0,0.0,0.0,0.0,0.0,0.0,0.0,0.0,3.0,5.0,6.43667e-314,32.0,0.1451101826034929,2.027685076413781,0.1666253883008864,1.0,0.09208,170.0,0.6370641599813553
77,77.0,77.0,77.0,77.0,77.0,77.0,75.0,93708.0,8.0,0.0413162504993062,0.02,0.001,0.000393492,0.02,0.001,0.000393492,0.008,0.0004,0.003026,0.00099858,0.140549,0.0,0.584407,0.024945,0.006876,0.206136,49.0341,44.5112,26.5,0.54912,0.1,0.2196599999999999,0.04,-57.4807,4.589769060543516,5.60747688409109,0.0,0.0,0.0,0.0,0.0,0.0,0.0,0.0,0.0,0.0,0.0,0.0,0.0,0.0,0.0,0.0,0.0,0.0,3.0,5.0,0.0,32.0,0.3154373125617935,2.395574695419638,0.8845138966676257,1.0,0.482783,938.0,0.7220315833329639
78,78.0,78.0,78.0,78.0,78.0,78.0,79.0,20578.0,78.0,0.0515668768120128,0.02,0.001,0.001894497,0.02,0.001,0.001894497,0.008,0.0004,0.005498,0.00181434,0.130156,0.0,0.513414,0.032261,0.008408,0.211527,40.9378,29.8863,26.5,0.47928,0.1,0.1916999999999999,0.04,-54.6045,5.42746041340255,7.545054156538611,0.0,0.0,0.0,0.0,0.0,0.0,0.0,0.0,0.0,0.0,0.0,0.0,0.0,0.0,0.0,0.0,0.0,0.0,3.0,5.0,6.48101e-314,32.5,0.1368009224976859,2.4530725439727017,-0.0876444544208026,1.0,0.087791,206.0,0.5136713742257065
79,79.0,79.0,79.0,79.0,79.0,79.0,138.0,96115.0,15.0,0.034332324919432,0.02,0.001,0.001628055,0.02,0.001,0.001628055,0.008,0.0004,0.007248,0.00239184,0.120866,0.0,0.518935,0.036423,0.006025,0.21723,37.2291,45.6106,26.5,0.79026,0.1,0.3160799999999999,0.04,-56.7504,4.970307703941588,6.55463955474015,0.0,0.0,0.0,0.0,0.0,0.0,0.0,0.0,0.0,0.0,0.0,0.0,0.0,0.0,0.0,0.0,0.0,0.0,3.0,5.0,0.0,31.5,0.2931477509335349,1.7655691548594232,1.0163686986550062,2.0,0.655368,962.0,0.4213341007946707
80,80.0,80.0,80.0,80.0,80.0,80.0,158.0,9189.0,89.0,0.0414698502791516,0.02,0.001,0.001492656,0.02,0.001,0.001492656,0.008,0.0004,0.002897,0.00095601,0.120139,0.0,1.16433,0.024393,0.007597,0.213285,27.5197,63.0301,26.5,0.4849799999999999,0.1,0.1939799999999999,0.04,-58.9148,6.0275423189550885,8.638669253206155,0.0,0.0,0.0,0.0,0.0,0.0,0.0,0.0,0.0,0.0,0.0,0.0,0.0,0.0,0.0,0.0,0.0,0.0,3.0,5.0,6.41057e-314,31.5,0.0651286277666253,2.2394668665972626,-0.3359121239067497,1.0,0.093176,92.0,0.7848984599183965
81,81.0,81.0,81.0,81.0,81.0,81.0,249.0,8791.0,91.0,0.0414023067192966,0.02,0.001,0.000477345,0.02,0.001,0.000477345,0.008,0.0004,0.004405,0.00145365,0.116278,0.0,0.818118,0.034941,0.005877,0.214867,46.6266,56.8974,26.5,0.5874,0.1,0.23496,0.04,-58.1447,4.5002132650662245,5.367419130224757,0.0,0.0,0.0,0.0,0.0,0.0,0.0,0.0,0.0,0.0,0.0,0.0,0.0,0.0,0.0,0.0,0.0,0.0,3.0,5.0,4.26367e-314,31.0,0.0952678970825941,2.2702566009648293,-0.3599925656607902,1.0,0.082555,88.0,0.5355910607726166
82,82.0,82.0,82.0,82.0,82.0,82.0,20.0,18751.0,51.0,0.0353158029673193,0.02,0.001,0.000356829,0.02,0.001,0.000356829,0.008,0.0004,0.001674,0.00055242,0.065718,0.0,0.840123,0.019278,0.006189,0.244279,33.9161,13.0703,26.5,0.50454,0.1,0.2018399999999998,0.04,-56.5286,4.9251152129791045,6.448246721023676,0.0,0.0,0.0,0.0,0.0,0.0,0.0,0.0,0.0,0.0,0.0,0.0,0.0,0.0,0.0,0.0,0.0,0.0,3.0,5.0,4.28012e-314,31.0,0.0733808472696326,1.988699581376193,-0.3642063157096676,3.0,0.2505469999999999,188.0,0.9163608538038144
83,83.0,83.0,83.0,83.0,83.0,83.0,21.0,25443.0,43.0,0.0286801834145448,0.02,0.001,0.001709367,0.02,0.001,0.001709367,0.008,0.0004,0.000966,0.00031878,0.225372,0.0,0.442529,0.02834,0.00633,0.091962,48.5021,66.1755,26.5,0.0240599999999999,0.1,0.0096,0.04,-55.4764,8.998867398574252,12.024413099486782,0.0,0.0,0.0,0.0,0.0,0.0,0.0,0.0,0.0,0.0,0.0,0.0,0.0,0.0,0.0,0.0,0.0,0.0,3.0,5.0,0.0,38.5,0.083824713697274,1.83541645798687,0.2693474609161878,1.0,0.094269,255.0,0.1099918947720538
84,84.0,84.0,84.0,84.0,84.0,84.0,70.0,93511.0,11.0,0.0394038640632375,0.02,0.001,0.00089298,0.02,0.001,0.00089298,0.008,0.0004,0.006799,0.00224367,0.101342,0.0,1.16484,0.023226,0.001449,0.169268,32.2959,69.861,26.5,0.79266,0.1,0.31704,0.04,-57.4949,4.595125755436729,5.621628427636347,0.0,0.0,0.0,0.0,0.0,0.0,0.0,0.0,0.0,0.0,0.0,0.0,0.0,0.0,0.0,0.0,0.0,0.0,3.0,5.0,4.26057e-314,37.0,0.0821939680096291,1.976942292539121,-0.2918918100748738,2.0,0.334481,936.0,0.5001565731641553
85,85.0,85.0,85.0,85.0,85.0,85.0,126.0,20957.0,57.0,0.0371690071219723,0.02,0.001,0.00194205,0.02,0.001,0.00194205,0.008,0.0004,0.001126,0.00037158,0.163532,0.0,0.543443,0.021925,0.00766,0.236267,39.4812,49.9505,26.5,0.61218,0.1,0.24486,0.04,-58.8598,8.924628854515309,11.965154483884849,0.0,0.0,0.0,0.0,0.0,0.0,0.0,0.0,0.0,0.0,0.0,0.0,0.0,0.0,0.0,0.0,0.0,0.0,3.0,5.0,4.27993e-314,38.5,0.1547287809305919,2.9008020426940746,0.2174146481480354,3.0,0.285126,210.0,0.7638550149838144
86,86.0,86.0,86.0,86.0,86.0,86.0,0.0,19732.0,32.0,0.036987981058511,0.02,0.001,0.002373657,0.02,0.001,0.002373657,0.008,0.0004,0.004953,0.00163449,0.158449,0.0,0.723412,0.026271,0.007702,0.233534,49.2477,71.356,26.5,0.57888,0.1,0.23154,0.04,-58.0718,5.905811375857859,8.433380505349628,0.0,0.0,0.0,0.0,0.0,0.0,0.0,0.0,0.0,0.0,0.0,0.0,0.0,0.0,0.0,0.0,0.0,0.0,3.0,5.0,4.11e-321,39.5,0.0766715227168098,3.644332199135401,-0.2227973154527783,1.0,0.08431,198.0,0.5343612712707303
87,87.0,87.0,87.0,87.0,87.0,87.0,51.0,84443.0,43.0,0.0278873062212612,0.02,0.001,0.000461373,0.02,0.001,0.000461373,0.008,0.0004,0.000878,0.00028974,0.146287,0.0,0.948789,0.036398,0.005208,0.241011,34.7926,57.9092,26.5,0.05976,0.1,0.02388,0.04,-57.7058,6.061694186607431,8.694887896080083,0.0,0.0,0.0,0.0,0.0,0.0,0.0,0.0,0.0,0.0,0.0,0.0,0.0,0.0,0.0,0.0,0.0,0.0,3.0,5.0,0.0,41.0,0.1565516012927089,3.249761223070533,-0.1124867599532217,1.0,0.322937,845.0,0.2393839104525806
88,88.0,88.0,88.0,88.0,88.0,88.0,7.0,30834.0,34.0,0.0434189896757745,0.02,0.001,0.000474804,0.02,0.001,0.000474804,0.008,0.0004,0.002118,0.00069894,0.161999,0.0,0.533261,0.017662,0.006696,0.267969,48.4125,47.0551,26.5,0.0243,0.1,0.00972,0.04,-57.7648,4.968555458053117,6.550544218784464,0.0,0.0,0.0,0.0,0.0,0.0,0.0,0.0,0.0,0.0,0.0,0.0,0.0,0.0,0.0,0.0,0.0,0.0,3.0,5.0,6.47436e-314,43.5,0.0595513429711684,3.1161714535005176,-0.2500089866592993,3.0,0.326999,309.0,3.974983415489596
89,89.0,89.0,89.0,89.0,89.0,89.0,29.0,30834.0,34.0,0.0511991968881911,0.02,0.001,0.000930732,0.02,0.001,0.000930732,0.008,0.0004,0.001453,0.00047949,0.161999,0.0,0.533261,0.017662,0.006696,0.267969,48.4125,47.0551,26.5,0.0243,0.1,0.00972,0.04,-57.7648,6.431570871132162,9.268044599582458,0.0,0.0,0.0,0.0,0.0,0.0,0.0,0.0,0.0,0.0,0.0,0.0,0.0,0.0,0.0,0.0,0.0,0.0,3.0,5.0,6.47436e-314,43.5,0.0595513429711684,3.1161714535005176,-0.2500089866592993,3.0,0.326999,309.0,1.8548814497667747
90,90.0,90.0,90.0,90.0,90.0,90.0,213.0,95852.0,52.0,0.0360241986381426,0.02,0.001,0.001106061,0.02,0.001,0.001106061,0.008,0.0004,0.003713,0.00122529,0.14785,0.0,1.42988,0.011452,0.003936,0.176148,60.2873,48.6699,26.5,0.02502,0.1,0.01002,0.04,-57.8802,5.252989565301638,7.184818671276153,0.0,0.0,0.0,0.0,0.0,0.0,0.0,0.0,0.0,0.0,0.0,0.0,0.0,0.0,0.0,0.0,0.0,0.0,3.0,5.0,6.4145e-314,40.5,0.2238928835907213,3.292203562395338,0.6560812727279477,2.0,0.491775,959.0,0.8738708289591678
91,91.0,91.0,91.0,91.0,91.0,91.0,43.0,22936.0,36.0,0.0304090156332838,0.02,0.001,0.000975744,0.02,0.001,0.000975744,0.008,0.0004,0.006583,0.00217239,0.119885,0.0,0.603754,0.026203,0.003391,0.245675,31.5839,71.6209,26.5,0.2865,0.1,0.1146,0.04,-56.1499,4.66425110399285,5.802137064371143,0.0,0.0,0.0,0.0,0.0,0.0,0.0,0.0,0.0,0.0,0.0,0.0,0.0,0.0,0.0,0.0,0.0,0.0,3.0,5.0,6.41236e-314,42.5,0.1352538554336306,2.8250276579076496,-0.2892408794346428,1.0,0.080172,230.0,0.9321730053842482
92,92.0,92.0,92.0,92.0,92.0,92.0,175.0,118040.0,40.0,0.0538826595934524,0.02,0.001,0.000474804,0.02,0.001,0.000474804,0.008,0.0004,0.002118,0.00069894,0.12408,0.0,0.385039,0.01836,0.002122,0.261265,54.5383,61.9532,26.5,0.05718,0.1,0.02286,0.04,-58.0207,4.968555458053117,6.550544218784464,0.0,0.0,0.0,0.0,0.0,0.0,0.0,0.0,0.0,0.0,0.0,0.0,0.0,0.0,0.0,0.0,0.0,0.0,3.0,5.0,6.44043e-314,41.5,0.1824617230482969,3.010667342300574,0.3768542096945579,1.0,0.456195,1181.0,0.8904517805949197
93,93.0,93.0,93.0,93.0,93.0,93.0,248.0,64086.0,86.0,0.0342675573486771,0.02,0.001,0.001764543,0.02,0.001,0.001764543,0.008,0.0004,0.00043,0.0001419,0.183054,0.0,1.02961,0.000688,0.009043,0.179669,52.8971,50.3408,26.5,0.04434,0.1,0.0177599999999999,0.04,-58.8162,11.3721634701353,13.554728312960037,0.0,0.0,0.0,0.0,0.0,0.0,0.0,0.0,0.0,0.0,0.0,0.0,0.0,0.0,0.0,0.0,0.0,0.0,3.0,5.0,6.47175e-314,46.0,0.2003419987265776,3.595305348055469,0.538009903654009,2.0,0.379016,641.0,0.1564169288636622
94,94.0,94.0,94.0,94.0,94.0,94.0,5.0,100291.0,91.0,0.0244851524944697,0.02,0.001,0.001738044,0.02,0.001,0.001738044,0.008,0.0004,0.005075,0.00167475,0.144043,0.0,1.42604,0.046807,0.00492,0.360487,48.4372,19.2787,26.5,0.09786,0.1,0.03918,0.04,-55.1491,5.41968067690866,7.529431970752229,0.0,0.0,0.0,0.0,0.0,0.0,0.0,0.0,0.0,0.0,0.0,0.0,0.0,0.0,0.0,0.0,0.0,0.0,3.0,5.0,4.24996e-314,46.0,0.457842148482018,4.344182195413319,2.074611809429565,2.0,0.563183,1003.0,7.621146652271758
95,95.0,95.0,95.0,95.0,95.0,95.0,243.0,62649.0,49.0,0.0343603462296965,0.02,0.001,0.000939444,0.02,0.001,0.000939444,0.008,0.0004,0.001433,0.00047289,0.18772,0.0,0.790499,0.027088,0.009039,0.237393,60.3368,63.8473,26.5,0.10266,0.1,0.04104,0.04,-55.3432,6.478000168473246,9.335672658148054,0.0,0.0,0.0,0.0,0.0,0.0,0.0,0.0,0.0,0.0,0.0,0.0,0.0,0.0,0.0,0.0,0.0,0.0,3.0,5.0,6.41506e-314,51.0,0.0962337273531502,3.3291393346230715,-0.0690350466010926,3.0,0.55748,627.0,0.7522040556258769
96,96.0,96.0,96.0,96.0,96.0,96.0,39.0,61033.0,33.0,0.0384643120541935,0.02,0.001,0.001883244,0.02,0.001,0.001883244,0.008,0.0004,0.002276,0.00075108,0.175556,0.0,0.670649,0.028634,0.008212,0.289875,35.9476,85.1163,26.5,0.08856,0.1,0.03546,0.04,-55.0532,6.980524858213135,10.013789499472415,0.0,0.0,0.0,0.0,0.0,0.0,0.0,0.0,0.0,0.0,0.0,0.0,0.0,0.0,0.0,0.0,0.0,0.0,3.0,5.0,6.47963e-314,51.0,0.0478350131887942,4.170507715602191,-0.1916858745625423,1.0,0.089422,611.0,0.0774027578475705
97,97.0,97.0,97.0,97.0,97.0,97.0,103.0,59288.0,88.0,0.0322970248254412,0.02,0.001,0.001042536,0.02,0.001,0.001042536,0.008,0.0004,0.005383,0.00177639,0.153837,0.0,0.792337,0.03906,0.001713,0.261304,48.1723,38.9807,26.5,0.0499199999999999,0.1,0.01998,0.04,-56.4593,4.847685375765932,6.262202410418128,0.0,0.0,0.0,0.0,0.0,0.0,0.0,0.0,0.0,0.0,0.0,0.0,0.0,0.0,0.0,0.0,0.0,0.0,3.0,5.0,6.4722e-314,56.0,0.0569602269311784,3.7518484206960734,-0.1031413131766401,2.0,0.415612,593.0,6.14310629514372
98,98.0,98.0,98.0,98.0,98.0,98.0,27.0,11042.0,42.0,0.04140646258529,0.02,0.001,0.000637791,0.02,0.001,0.000637791,0.008,0.0004,0.003559,0.00117447,0.08424,0.0,0.517719,0.042898,0.008372,0.205315,26.2256,54.7461,26.5,0.05538,0.1,0.02214,0.04,-55.4971,4.789726671467776,6.1197954780797446,0.0,0.0,0.0,0.0,0.0,0.0,0.0,0.0,0.0,0.0,0.0,0.0,0.0,0.0,0.0,0.0,0.0,0.0,3.0,5.0,6.47292e-314,11.5,0.1897539497804378,0.1423560443417587,0.0525041273548164,2.0,0.235101,111.0,0.0919007465235205
99,99.0,99.0,99.0,99.0,99.0,99.0,60.0,29894.0,94.0,0.0294616327495487,0.02,0.001,0.002055669,0.02,0.001,0.002055669,0.008,0.0004,0.006973,0.00230109,0.111137,0.0,0.779131,0.048774,0.005772,0.274654,46.0792,58.8911,26.5,0.0568199999999999,0.1,0.02274,0.04,-57.7263,5.241306699209877,7.159939726817665,0.0,0.0,0.0,0.0,0.0,0.0,0.0,0.0,0.0,0.0,0.0,0.0,0.0,0.0,0.0,0.0,0.0,0.0,3.0,5.0,6.47643e-314,25.5,0.08470739830517,1.622663993062019,0.1048035812466567,2.0,0.132384,299.0,0.7953408784918385
