,Unnamed: 0.8,Unnamed: 0.7,Unnamed: 0.6,Unnamed: 0.5,Unnamed: 0.4,Unnamed: 0.3,Unnamed: 0.2,Unnamed: 0.1,Unnamed: 0,gTON_STN_MEAN_nS_pF,gTON_STN_SIGMA,gTON_STN_THETA,gTON_CL_S_MEAN_nS_pF,gTON_CL_S_SIGMA,gTON_CL_S_THETA,gTON_CL_D_MEAN_nS_pF,gTON_CL_D_SIGMA,gTON_CL_D_THETA,gKCC2_S_nS_pF,gKCC2_D_nS_pF,gTRPC3_nS_pF,gHCN_nS_pF,gCA_nS_pF,gL_nS_pF,gSK_nS_pF,gNAP_nS_pF,gNAF_nS_pF,gKDR_nS_pF,gSD_nS,soma_noise_intensity,soma_noise_intensity_theta,dend_noise_intensity,dend_noise_intensity_theta,Eleak_mV,CL_in_S,CL_in_D,Iapp,Iapp_dend,gpe_stim,gpe_stim_freqs,gpe_poisson,W_gpe,gpe_start_time,gpe_base_length,gpe_stim_length,gpe_post_length,str_stim,str_stim_freqs,str_poisson,W_str,str_start_time,str_base_length,str_stim_length,str_post_length,tausyn,tauexc,tausyn_dend,pre_exp_fr,pre_exp_cv,pre_exp_fr_zscore,pre_exp_cv_zscore,connections,total_weight,sim,rel_error
0,0.0,0.0,0.0,0.0,0.0,0.0,185.0,81528.0,28.0,0.0723576022841707,0.002,0.001,0.00386232,0.002,0.001,0.00193116,0.0008,0.0004,0.00234168,0.00234168,0.0746592,0.0,0.548279,0.036129,0.009109,0.134614,32.0256,51.2327,26.5,0.81792,0.1,0.3272,0.04,-59.4177,8.79579822110181,6.972895856260997,0.0,0.0,0.0,0.0,0.0,0.0,0.0,0.0,0.0,0.0,0.0,0.0,0.0,0.0,0.0,0.0,0.0,0.0,3.0,5.0,4.82e-321,4.0,0.2502248238373493,-0.5753229731691537,0.6737822922654476,2.0,0.622449,816.0,0.0254303052102637
1,1.0,1.0,1.0,1.0,1.0,1.0,186.0,47103.0,3.0,0.0681139069786032,0.002,0.001,0.00828828,0.002,0.001,0.00414414,0.0008,0.0004,0.00115302,0.00115302,0.05732496,0.0,0.887928,0.052616,0.006945,0.161861,36.662,54.0916,26.5,0.63328,0.1,0.25336,0.04,-56.768,12.648964706408709,11.02344851135848,0.0,0.0,0.0,0.0,0.0,0.0,0.0,0.0,0.0,0.0,0.0,0.0,0.0,0.0,0.0,0.0,0.0,0.0,3.0,5.0,0.0,2.0,0.3031521925575683,-1.0507809531188013,0.5900853689817129,5.0,0.991818,472.0,0.0029379924573373
2,2.0,2.0,2.0,2.0,2.0,2.0,96.0,92307.0,7.0,0.0343046156957209,0.002,0.001,0.00812328,0.002,0.001,0.00406164,0.0008,0.0004,0.00056628,0.00056628,0.05028276,0.0,1.06154,0.035062,0.008455,0.128097,39.7854,27.1872,26.5,0.38584,0.1,0.1543199999999999,0.04,-57.8084,13.73846906027089,12.64463597369627,0.0,0.0,0.0,0.0,0.0,0.0,0.0,0.0,0.0,0.0,0.0,0.0,0.0,0.0,0.0,0.0,0.0,0.0,3.0,5.0,0.0,4.0,0.1035066399256608,-0.3414357566149363,0.021572847003538,1.0,0.236075,924.0,0.0152651620365879
3,3.0,3.0,3.0,3.0,3.0,3.0,188.0,58164.0,64.0,0.0060412941047566,0.002,0.001,0.00172656,0.002,0.001,0.00086328,0.0008,0.0004,0.00139788,0.00139788,0.04929078,0.0,0.636782,0.044076,0.010724,0.15529,50.4488,63.0627,26.5,0.61384,0.1,0.24552,0.04,-60.5303,7.986376448222541,6.3596742518241705,0.0,0.0,0.0,0.0,0.0,0.0,0.0,0.0,0.0,0.0,0.0,0.0,0.0,0.0,0.0,0.0,0.0,0.0,3.0,5.0,3.14384e-319,3.0,0.1471589176676803,-0.7329459941620562,0.0061029771133743,2.0,0.090351,582.0,0.0240742555080489
4,4.0,4.0,4.0,4.0,4.0,4.0,150.0,78859.0,59.0,0.0307357676177916,0.002,0.001,0.00592416,0.002,0.001,0.00296208,0.0008,0.0004,0.00103026,0.00103026,0.0623766,0.0,0.533496,0.03053,0.007169,0.115043,12.8204,60.4706,26.5,0.08768,0.1,0.03504,0.04,-55.5179,12.182140037754067,10.40593121090652,0.0,0.0,0.0,0.0,0.0,0.0,0.0,0.0,0.0,0.0,0.0,0.0,0.0,0.0,0.0,0.0,0.0,0.0,3.0,5.0,6.48281e-314,3.0,0.3560571026154536,-0.90280820983851,1.1003922868336986,2.0,0.651833,789.0,0.0776641284698416
5,5.0,5.0,5.0,5.0,5.0,5.0,23.0,66110.0,10.0,0.0385018185832159,0.002,0.001,0.00825924,0.002,0.001,0.00412962,0.0008,0.0004,0.0019437,0.0019437,0.06620988,0.0,1.19935,0.015899,0.010233,0.210238,29.0481,18.641,26.5,1.0852,0.1,0.43408,0.04,-56.5581,11.46128858898125,9.531814284856065,0.0,0.0,0.0,0.0,0.0,0.0,0.0,0.0,0.0,0.0,0.0,0.0,0.0,0.0,0.0,0.0,0.0,0.0,3.0,5.0,1e-323,3.5,0.0872836680596964,-0.5687580516638726,-0.2804324911293014,3.0,0.71033,662.0,0.0382155270387607
6,6.0,6.0,6.0,6.0,6.0,6.0,210.0,118476.0,76.0,0.0674770659936151,0.002,0.001,0.008415,0.002,0.001,0.0042075,0.0008,0.0004,0.00045342,0.00045342,0.03825492,0.0,0.675808,0.043778,0.00805,0.169077,19.2961,52.2104,26.5,0.08496,0.1,0.0339999999999999,0.04,-56.3618,14.021943057779712,13.112510512264882,0.0,0.0,0.0,0.0,0.0,0.0,0.0,0.0,0.0,0.0,0.0,0.0,0.0,0.0,0.0,0.0,0.0,0.0,3.0,5.0,6.40663e-314,4.5,0.3945991857359928,-0.5907453937081006,1.016948331832718,2.0,0.924156,1185.0,0.0424577275202442
7,7.0,7.0,7.0,7.0,7.0,7.0,172.0,124120.0,20.0,0.0637314394896901,0.002,0.001,0.00149688,0.002,0.001,0.00074844,0.0008,0.0004,0.00234498,0.00234498,0.07308312,0.0,0.764274,0.054807,0.008124,0.1595,43.4084,63.5912,26.5,0.7079199999999999,0.1,0.2832,0.04,-58.9219,6.42465717584318,5.333051355553228,0.0,0.0,0.0,0.0,0.0,0.0,0.0,0.0,0.0,0.0,0.0,0.0,0.0,0.0,0.0,0.0,0.0,0.0,3.0,5.0,6.47844e-314,4.0,0.1989401832901281,-0.4660118681991761,0.21086965607091,1.0,0.238459,1242.0,0.0065670445809396
8,8.0,8.0,8.0,8.0,8.0,8.0,223.0,48987.0,87.0,0.0581944925389662,0.002,0.001,0.0045804,0.002,0.001,0.0022902,0.0008,0.0004,0.00282216,0.00282216,0.0611853,0.0,0.430305,0.048689,0.008068,0.169934,31.1721,38.8836,26.5,0.48416,0.1,0.19368,0.04,-57.8398,8.749504241910584,6.936091467364339,0.0,0.0,0.0,0.0,0.0,0.0,0.0,0.0,0.0,0.0,0.0,0.0,0.0,0.0,0.0,0.0,0.0,0.0,3.0,5.0,6.44555e-314,4.0,0.3617382682855741,-0.5472940684483523,1.1759202138682998,3.0,0.67847,490.0,0.0782889064418901
9,9.0,9.0,9.0,9.0,9.0,9.0,193.0,19149.0,49.0,0.0601754324733676,0.002,0.001,0.00707388,0.002,0.001,0.00353694,0.0008,0.0004,0.00153054,0.00153054,0.08453082,0.0,0.846194,0.031748,0.01435,0.236351,32.1249,56.4262,26.5,1.0983999999999998,0.1,0.43936,0.04,-57.784,11.671201717467008,9.776966524820637,0.0,0.0,0.0,0.0,0.0,0.0,0.0,0.0,0.0,0.0,0.0,0.0,0.0,0.0,0.0,0.0,0.0,0.0,3.0,5.0,6.41663e-314,9.0,0.3542399154597326,-0.0632888037083952,0.933455787648628,3.0,0.359607,192.0,0.0143051857809303
10,10.0,10.0,10.0,10.0,10.0,10.0,46.0,22545.0,45.0,0.0413881682317981,0.002,0.001,0.00129756,0.002,0.001,0.00064878,0.0008,0.0004,0.00110484,0.00110484,0.06295014,0.0,0.790757,0.037773,0.007262,0.178878,27.7186,48.2671,26.5,0.8512799999999999,0.1,0.34048,0.04,-58.4186,7.851322599491618,6.263265546974474,0.0,0.0,0.0,0.0,0.0,0.0,0.0,0.0,0.0,0.0,0.0,0.0,0.0,0.0,0.0,0.0,0.0,0.0,3.0,5.0,0.0,9.5,0.0677181912060259,0.1400844219791328,-0.2259302658255842,1.0,0.08862,226.0,0.1354856524509147
11,11.0,11.0,11.0,11.0,11.0,11.0,82.0,102829.0,29.0,0.0342925810808611,0.002,0.001,0.00432168,0.002,0.001,0.00216084,0.0008,0.0004,0.00059004,0.00059004,0.05526048,0.0,0.74875,0.038174,0.008076,0.20181,44.032,46.6504,26.5,0.07736,0.1,0.0309599999999999,0.04,-57.1775,12.685558106485495,11.07368929463744,0.0,0.0,0.0,0.0,0.0,0.0,0.0,0.0,0.0,0.0,0.0,0.0,0.0,0.0,0.0,0.0,0.0,0.0,3.0,5.0,6.4009e-314,8.5,0.3493440392379997,0.0012781716040662,1.123857853601901,3.0,1.211377,1029.0,0.0070973463348527
12,12.0,12.0,12.0,12.0,12.0,12.0,139.0,79571.0,71.0,0.0537324807033433,0.002,0.001,0.0014308799999999,0.002,0.001,0.0007154399999999,0.0008,0.0004,0.00199716,0.00199716,0.06576768,0.0,0.629857,0.037472,0.01047,0.148956,38.546,47.5841,26.5,0.92224,0.1,0.36888,0.04,-56.0686,6.661968349138727,5.47762526949036,0.0,0.0,0.0,0.0,0.0,0.0,0.0,0.0,0.0,0.0,0.0,0.0,0.0,0.0,0.0,0.0,0.0,0.0,3.0,5.0,4.24751e-314,9.5,0.1453491971958857,0.0850403240103491,-0.1940842271680165,1.0,0.421595,796.0,0.0389541053227404
13,13.0,13.0,13.0,13.0,13.0,13.0,241.0,88926.0,26.0,0.0379540719700024,0.002,0.001,0.00135828,0.002,0.001,0.00067914,0.0008,0.0004,0.00283272,0.00283272,0.04213374,0.0,0.470485,0.027191,0.009969,0.186572,47.0454,20.4499,26.5,0.76256,0.1,0.30504,0.04,-58.4085,5.906701398970403,5.029553502636232,0.0,0.0,0.0,0.0,0.0,0.0,0.0,0.0,0.0,0.0,0.0,0.0,0.0,0.0,0.0,0.0,0.0,0.0,3.0,5.0,4.11e-321,5.5,0.4658087204834373,-0.4470508676769117,1.5797431871171563,2.0,0.538683,890.0,0.0012526008217884
14,14.0,14.0,14.0,14.0,14.0,14.0,102.0,1853.0,53.0,0.0480438040523591,0.002,0.001,0.0022902,0.002,0.001,0.0011451,0.0008,0.0004,0.00259314,0.00259314,0.05687154,0.0,0.798471,0.036765,0.008085,0.171093,33.7487,47.2315,26.5,0.0881599999999999,0.1,0.03528,0.04,-57.287,7.132715535869377,5.775763993368701,0.0,0.0,0.0,0.0,0.0,0.0,0.0,0.0,0.0,0.0,0.0,0.0,0.0,0.0,0.0,0.0,0.0,0.0,3.0,5.0,4.26863e-314,8.5,0.1154294022543187,0.0809781793206134,-0.3109615887683641,2.0,0.227193,19.0,0.0083678699331265
15,15.0,15.0,15.0,15.0,15.0,15.0,89.0,74804.0,4.0,0.0289936318983798,0.002,0.001,0.00846516,0.002,0.001,0.00423258,0.0008,0.0004,0.0011055,0.0011055,0.06368274,0.0,0.655395,0.04531,0.009221,0.16168,41.1366,52.1033,26.5,0.0832,0.1,0.03328,0.04,-55.8911,12.77068022877997,11.19162554161804,0.0,0.0,0.0,0.0,0.0,0.0,0.0,0.0,0.0,0.0,0.0,0.0,0.0,0.0,0.0,0.0,0.0,0.0,3.0,5.0,0.0,7.0,0.3495862436722388,-0.0164055077626972,1.627848448769258,3.0,0.952438,749.0,0.0177092187246343
16,16.0,16.0,16.0,16.0,16.0,16.0,167.0,42252.0,52.0,0.0057562480427818,0.002,0.001,0.00155496,0.002,0.001,0.00077748,0.0008,0.0004,0.00564036,0.00564036,0.07450806,0.0,0.732641,0.044424,0.00803,0.146116,44.1692,53.0108,26.5,0.07944,0.1,0.03176,0.04,-57.7285,5.168462827355578,4.621812979310991,0.0,0.0,0.0,0.0,0.0,0.0,0.0,0.0,0.0,0.0,0.0,0.0,0.0,0.0,0.0,0.0,0.0,0.0,3.0,5.0,6.41321e-314,8.5,0.494507504299548,-0.1418973249540882,1.3162429017963329,2.0,0.240822,423.0,0.0083864631114698
17,17.0,17.0,17.0,17.0,17.0,17.0,45.0,14965.0,65.0,0.0426489322182591,0.002,0.001,0.007062,0.002,0.001,0.003531,0.0008,0.0004,0.00074316,0.00074316,0.07595214,0.0,0.581415,0.050626,0.010004,0.181358,35.4941,44.8527,26.5,0.89688,0.1,0.3588,0.04,-58.9538,13.151885969091571,11.738665559849405,0.0,0.0,0.0,0.0,0.0,0.0,0.0,0.0,0.0,0.0,0.0,0.0,0.0,0.0,0.0,0.0,0.0,0.0,3.0,5.0,6.40597e-314,7.5,0.1825167668614295,-0.1055090214204873,0.1926688235356071,1.0,0.079759,150.0,0.0023569674724055
18,18.0,18.0,18.0,18.0,18.0,18.0,178.0,94194.0,94.0,0.0101863462420864,0.002,0.001,0.00641652,0.002,0.001,0.00320826,0.0008,0.0004,0.0002838,0.0002838,0.04714974,0.0,0.37301,0.048852,0.007901,0.222205,53.9703,40.6479,26.5,0.74736,0.1,0.29896,0.04,-55.5352,14.20213589770814,13.420757448055085,0.0,0.0,0.0,0.0,0.0,0.0,0.0,0.0,0.0,0.0,0.0,0.0,0.0,0.0,0.0,0.0,0.0,0.0,3.0,5.0,6.43749e-314,15.0,0.2114224202764801,0.3120005639979782,0.4149010145629286,5.0,1.5838800000000002,942.0,0.0105635858949293
19,19.0,19.0,19.0,19.0,19.0,19.0,141.0,24121.0,21.0,0.0457136217092985,0.002,0.001,0.00521796,0.002,0.001,0.00260898,0.0008,0.0004,0.00059532,0.00059532,0.07371672,0.0,0.785676,0.037941,0.011605,0.242746,37.1989,36.0446,26.5,0.57104,0.1,0.2284,0.04,-56.0436,13.01541928844343,11.53921534483115,0.0,0.0,0.0,0.0,0.0,0.0,0.0,0.0,0.0,0.0,0.0,0.0,0.0,0.0,0.0,0.0,0.0,0.0,3.0,5.0,4.25267e-314,13.5,0.1086859170487177,0.337601707425912,-0.1698934610330177,1.0,0.059864,242.0,0.2015567140014074
20,20.0,20.0,20.0,20.0,20.0,20.0,161.0,48844.0,44.0,0.0048827203312447,0.002,0.001,0.00354816,0.002,0.001,0.00177408,0.0008,0.0004,0.00434478,0.00434478,0.08129022,0.0,0.813395,0.04606,0.010708,0.239144,36.3017,51.0969,26.5,0.08992,0.1,0.036,0.04,-56.0625,6.950482942290083,5.658486273771964,0.0,0.0,0.0,0.0,0.0,0.0,0.0,0.0,0.0,0.0,0.0,0.0,0.0,0.0,0.0,0.0,0.0,0.0,3.0,5.0,0.0,15.0,0.2720563388494896,1.746455933671681,0.8068734525406234,2.0,0.360717,489.0,0.0560098807242176
21,21.0,21.0,21.0,21.0,21.0,21.0,203.0,90928.0,28.0,0.0265716882214549,0.002,0.001,0.00620004,0.002,0.001,0.00310002,0.0008,0.0004,0.00433884,0.00433884,0.06551886,0.0,0.479737,0.032737,0.010145,0.206835,36.2043,10.5366,26.5,1.00992,0.1,0.4039999999999999,0.04,-56.3898,8.388005137492254,6.6561017820373465,0.0,0.0,0.0,0.0,0.0,0.0,0.0,0.0,0.0,0.0,0.0,0.0,0.0,0.0,0.0,0.0,0.0,0.0,3.0,5.0,4.82e-321,13.0,0.0935107136909707,0.7057256667400508,-0.3681637078342079,0.0,0.0,910.0,0.0918554257849683
22,22.0,22.0,22.0,22.0,22.0,22.0,191.0,22994.0,94.0,0.0429246783886809,0.002,0.001,0.00621588,0.002,0.001,0.00310794,0.0008,0.0004,0.00063756,0.00063756,0.10566006,0.0,0.287581,0.049332,0.010597,0.220027,28.9419,47.6055,26.5,1.1308,0.1,0.45232,0.04,-59.8925,13.193662396470163,11.800549896011356,0.0,0.0,0.0,0.0,0.0,0.0,0.0,0.0,0.0,0.0,0.0,0.0,0.0,0.0,0.0,0.0,0.0,0.0,3.0,5.0,6.41236e-314,13.5,0.2194457988656245,0.1428930342598565,0.0989465430755205,2.0,0.274919,230.0,0.0967323466453676
23,23.0,23.0,23.0,23.0,23.0,23.0,2.0,12384.0,84.0,0.0174645132520324,0.002,0.001,0.00238788,0.002,0.001,0.00119394,0.0008,0.0004,0.00070818,0.00070818,0.07689924,0.0,0.698501,0.048105,0.008109,0.238944,25.874,57.6584,26.5,0.866,0.1,0.3464,0.04,-59.927,10.85031472255018,8.858914511539636,0.0,0.0,0.0,0.0,0.0,0.0,0.0,0.0,0.0,0.0,0.0,0.0,0.0,0.0,0.0,0.0,0.0,0.0,3.0,5.0,6.40149e-314,13.5,0.0545474556878352,0.5997540761982842,-0.5429660268063401,0.0,0.0,124.0,0.0023981011602142
24,24.0,24.0,24.0,24.0,24.0,24.0,236.0,112918.0,18.0,0.0425071646281626,0.002,0.001,0.00747516,0.002,0.001,0.00373758,0.0008,0.0004,0.00460218,0.00460218,0.0624195,0.0,0.479149,0.045069,0.011974,0.147321,45.5954,50.501,26.5,0.5883200000000001,0.1,0.23536,0.04,-55.0008,8.751718479446282,6.937846803264627,0.0,0.0,0.0,0.0,0.0,0.0,0.0,0.0,0.0,0.0,0.0,0.0,0.0,0.0,0.0,0.0,0.0,0.0,3.0,5.0,6.46899e-314,10.5,0.2202472917073133,0.1985908374421997,0.2773119843904624,1.0,0.454108,1130.0,0.0049546595604615
25,25.0,25.0,25.0,25.0,25.0,25.0,237.0,44481.0,81.0,0.0538246282923349,0.002,0.001,0.00402204,0.002,0.001,0.00201102,0.0008,0.0004,0.00275022,0.00275022,0.08315472,0.0,0.801517,0.037433,0.011333,0.164652,37.3136,48.2578,26.5,0.08008,0.1,0.032,0.04,-57.384,8.4531134203579,6.705580511095356,0.0,0.0,0.0,0.0,0.0,0.0,0.0,0.0,0.0,0.0,0.0,0.0,0.0,0.0,0.0,0.0,0.0,0.0,3.0,5.0,4.28315e-314,15.0,0.1286359399524383,0.5543494569256167,-0.0830401857068401,1.0,0.240077,445.0,0.2031112524401148
26,26.0,26.0,26.0,26.0,26.0,26.0,56.0,122806.0,6.0,0.0501063357698899,0.002,0.001,0.00352836,0.002,0.001,0.00176418,0.0008,0.0004,0.00028974,0.00028974,0.07939734,0.0,0.281659,0.028491,0.014497,0.186541,44.4114,54.3134,26.5,0.0872,0.1,0.03488,0.04,-58.573,13.526123099131649,12.307272814243985,0.0,0.0,0.0,0.0,0.0,0.0,0.0,0.0,0.0,0.0,0.0,0.0,0.0,0.0,0.0,0.0,0.0,0.0,3.0,5.0,0.0,15.0,0.2374074746593366,0.6953163237692611,0.2949573459555362,1.0,0.353473,1229.0,0.0194928339354373
27,27.0,27.0,27.0,27.0,27.0,27.0,201.0,2828.0,28.0,0.038070576104119,0.002,0.001,0.0087912,0.002,0.001,0.0043956,0.0008,0.0004,0.00086724,0.00086724,0.06172914,0.0,0.557785,0.039231,0.00802,0.156346,44.6405,56.0161,26.5,0.0984,0.1,0.03936,0.04,-56.6084,13.255773302897214,11.893282879686682,0.0,0.0,0.0,0.0,0.0,0.0,0.0,0.0,0.0,0.0,0.0,0.0,0.0,0.0,0.0,0.0,0.0,0.0,3.0,5.0,4.82e-321,11.0,0.1853794200431019,0.4555815635519358,0.038304438951034,2.0,0.166068,29.0,0.0826690082838774
28,28.0,28.0,28.0,28.0,28.0,28.0,36.0,46360.0,60.0,0.0294164154254325,0.002,0.001,0.00424908,0.002,0.001,0.00212454,0.0008,0.0004,0.00844866,0.00844866,0.07060416,0.0,0.533834,0.030976,0.008963,0.134872,36.262,51.4034,26.5,0.97752,0.1,0.39096,0.04,-57.2387,5.9862041043654886,5.075127401736278,0.0,0.0,0.0,0.0,0.0,0.0,0.0,0.0,0.0,0.0,0.0,0.0,0.0,0.0,0.0,0.0,0.0,0.0,3.0,5.0,6.4833e-314,12.0,0.0592225220220368,0.4748472663323413,-0.6802167909029855,0.0,0.0,464.0,0.0644464132600041
29,29.0,29.0,29.0,29.0,29.0,29.0,53.0,48753.0,53.0,0.0847045501523443,0.002,0.001,0.0013728,0.002,0.001,0.0006864,0.0008,0.0004,0.0032736,0.0032736,0.07343424,0.0,0.852243,0.040624,0.009713,0.200049,35.7295,56.1758,26.5,1.00888,0.1,0.40352,0.04,-56.438,5.697624065696588,4.911334478280032,0.0,0.0,0.0,0.0,0.0,0.0,0.0,0.0,0.0,0.0,0.0,0.0,0.0,0.0,0.0,0.0,0.0,0.0,3.0,5.0,4.27795e-314,13.5,0.2462504730532058,0.9941600150440252,0.7465597095503389,1.0,0.233031,488.0,0.1349094102179775
30,30.0,30.0,30.0,30.0,30.0,30.0,196.0,29385.0,85.0,0.0647664039860697,0.002,0.001,0.00231924,0.002,0.001,0.00115962,0.0008,0.0004,0.00234894,0.00234894,0.05845488,0.0,0.155552,0.063561,0.006196,0.307796,45.8005,30.1618,26.5,1.34048,0.1,0.5362399999999999,0.04,-58.2055,7.403979751470092,5.954945917690278,0.0,0.0,0.0,0.0,0.0,0.0,0.0,0.0,0.0,0.0,0.0,0.0,0.0,0.0,0.0,0.0,0.0,0.0,3.0,5.0,4.28613e-314,19.0,0.094734079824588,0.8547044989626471,0.0354665461053231,1.0,0.046283,294.0,0.1168733244910537
31,31.0,31.0,31.0,31.0,31.0,31.0,48.0,972.0,72.0,0.0374433209633101,0.002,0.001,0.00172656,0.002,0.001,0.00086328,0.0008,0.0004,0.00139788,0.00139788,0.07844298,0.0,0.671788,0.039536,0.009775,0.159926,35.6932,45.2528,26.5,0.74888,0.1,0.29952,0.04,-55.5296,7.986376448222541,6.3596742518241705,0.0,0.0,0.0,0.0,0.0,0.0,0.0,0.0,0.0,0.0,0.0,0.0,0.0,0.0,0.0,0.0,0.0,0.0,3.0,5.0,0.0,17.0,0.1445085339506019,1.4313599986629175,-0.5257292179711585,1.0,0.099615,10.0,0.1206927222962443
32,32.0,32.0,32.0,32.0,32.0,32.0,206.0,58260.0,60.0,0.0366820829606269,0.002,0.001,0.00860244,0.002,0.001,0.00430122,0.0008,0.0004,0.00394614,0.00394614,0.0815892,0.0,0.921642,0.041992,0.007785,0.293393,36.3046,57.8571,26.5,0.09824,0.1,0.03928,0.04,-59.0385,9.606894916211338,7.655398255568645,0.0,0.0,0.0,0.0,0.0,0.0,0.0,0.0,0.0,0.0,0.0,0.0,0.0,0.0,0.0,0.0,0.0,0.0,3.0,5.0,6.40971e-314,19.5,0.2025370985146373,1.177929826263289,0.6463026873665224,3.0,0.398584,583.0,0.1074759191452586
33,33.0,33.0,33.0,33.0,33.0,33.0,25.0,52061.0,61.0,0.0214594786424529,0.002,0.001,0.0011814,0.002,0.001,0.0005907,0.0008,0.0004,0.00213378,0.00213378,0.0940896,0.0,0.703476,0.035929,0.012077,0.235237,48.4711,39.5731,26.5,0.08864,0.1,0.03544,0.04,-57.6756,6.154632912526045,5.172857997586412,0.0,0.0,0.0,0.0,0.0,0.0,0.0,0.0,0.0,0.0,0.0,0.0,0.0,0.0,0.0,0.0,0.0,0.0,3.0,5.0,4.24578e-314,17.5,0.1212918359806188,0.8355966076641852,-0.008591356566217,3.0,0.562552,521.0,0.0762843806492614
34,34.0,34.0,34.0,34.0,34.0,34.0,251.0,22848.0,48.0,0.0192847882762773,0.002,0.001,0.0032933999999999,0.002,0.001,0.0016466999999999,0.0008,0.0004,0.00147774,0.00147774,0.06286632,0.0,0.213598,0.033867,0.007403,0.214067,34.5174,63.0115,26.5,0.10064,0.1,0.04024,0.04,-56.4925,9.67137323974633,7.712886775186453,0.0,0.0,0.0,0.0,0.0,0.0,0.0,0.0,0.0,0.0,0.0,0.0,0.0,0.0,0.0,0.0,0.0,0.0,3.0,5.0,1.47234e-21,20.0,0.251690253962964,1.0956357230866915,0.6935570852055487,3.0,0.334678,229.0,0.0184300069927643
35,35.0,35.0,35.0,35.0,35.0,35.0,190.0,44100.0,0.0,0.052231205144273,0.002,0.001,0.0074712,0.002,0.001,0.0037356,0.0008,0.0004,0.0004686,0.0004686,0.08531226,0.0,0.566293,0.051587,0.007175,0.221182,34.3363,58.2285,26.5,0.95104,0.1,0.3803999999999999,0.04,-56.8218,13.861865204957308,12.845791403124611,0.0,0.0,0.0,0.0,0.0,0.0,0.0,0.0,0.0,0.0,0.0,0.0,0.0,0.0,0.0,0.0,0.0,0.0,3.0,5.0,6.46758e-314,18.0,0.1390749749688081,1.38398715790221,-0.4544725203008993,1.0,0.210109,442.0,0.098451872204086
36,36.0,36.0,36.0,36.0,36.0,36.0,81.0,1184.0,84.0,0.0571865818773051,0.002,0.001,0.0065274,0.002,0.001,0.0032637,0.0008,0.0004,0.00031944,0.00031944,0.07049526,0.0,0.687243,0.038769,0.009482,0.169872,33.2987,49.8976,26.5,0.8067199999999999,0.1,0.32272,0.04,-55.2155,14.113520846955703,13.26809143706775,0.0,0.0,0.0,0.0,0.0,0.0,0.0,0.0,0.0,0.0,0.0,0.0,0.0,0.0,0.0,0.0,0.0,0.0,3.0,5.0,6.43431e-314,16.5,0.0982037041004295,1.294415931678317,-0.5877727899375956,1.0,0.103169,12.0,0.1832396903052286
37,37.0,37.0,37.0,37.0,37.0,37.0,204.0,85041.0,41.0,0.0391621366293239,0.002,0.001,0.00863148,0.002,0.001,0.00431574,0.0008,0.0004,0.00326898,0.00326898,0.06415332,0.0,0.790571,0.029749,0.009284,0.232551,30.2355,65.4053,26.5,0.07344,0.1,0.0293599999999999,0.04,-57.9266,10.162832531618424,8.16803582306705,0.0,0.0,0.0,0.0,0.0,0.0,0.0,0.0,0.0,0.0,0.0,0.0,0.0,0.0,0.0,0.0,0.0,0.0,3.0,5.0,6.47046e-314,19.5,0.12085780811689,1.2904294823175235,-0.1056412275856198,1.0,0.222095,851.0,0.1144499512073995
38,38.0,38.0,38.0,38.0,38.0,38.0,168.0,22510.0,10.0,0.028988909054569,0.002,0.001,0.00145596,0.002,0.001,0.00072798,0.0008,0.0004,0.0029535,0.0029535,0.0777183,0.0,0.784945,0.047659,0.004951,0.221608,42.3168,77.2786,26.5,0.96528,0.1,0.3861599999999999,0.04,-59.6367,5.952515926172428,5.055773279143567,0.0,0.0,0.0,0.0,0.0,0.0,0.0,0.0,0.0,0.0,0.0,0.0,0.0,0.0,0.0,0.0,0.0,0.0,3.0,5.0,1e-323,18.0,0.186832725330805,1.08509837977487,0.3470558812825028,3.0,0.276453,226.0,0.0102339257310967
39,39.0,39.0,39.0,39.0,39.0,39.0,174.0,20838.0,38.0,0.0232580846645577,0.002,0.001,0.00408276,0.002,0.001,0.00204138,0.0008,0.0004,0.00048246,0.00048246,0.0792363,0.0,0.488331,0.035333,0.005687,0.145345,42.9498,64.2633,26.5,0.1250399999999999,0.1,0.05,0.04,-56.3019,12.95378745120123,11.450475071038671,0.0,0.0,0.0,0.0,0.0,0.0,0.0,0.0,0.0,0.0,0.0,0.0,0.0,0.0,0.0,0.0,0.0,0.0,3.0,5.0,4.25246e-314,20.0,0.1050262684824146,1.0535514261330068,0.3048108901683382,1.0,0.117489,209.0,0.4910047883491287
40,40.0,40.0,40.0,40.0,40.0,40.0,58.0,95750.0,50.0,0.0427953350792121,0.002,0.001,0.00057288,0.002,0.001,0.00028644,0.0008,0.0004,0.00145002,0.00145002,0.09109122,0.0,0.390733,0.041416,0.013887,0.204617,45.5526,110.872,26.5,0.74424,0.1,0.29768,0.04,-56.2134,5.611181327705993,4.86312175417721,0.0,0.0,0.0,0.0,0.0,0.0,0.0,0.0,0.0,0.0,0.0,0.0,0.0,0.0,0.0,0.0,0.0,0.0,3.0,5.0,4.28302e-314,16.5,0.1419474178626409,0.6785160029886479,0.2346507782557349,1.0,0.342883,958.0,0.1789362305263595
41,41.0,41.0,41.0,41.0,41.0,41.0,153.0,11941.0,41.0,0.0207794053190205,0.002,0.001,0.00786852,0.002,0.001,0.00393426,0.0008,0.0004,0.00066726,0.00066726,0.07987254,0.0,0.838432,0.045594,0.005488,0.161376,38.2499,51.8679,26.5,0.56,0.1,0.224,0.04,-56.6927,13.481277110771744,12.237414817142163,0.0,0.0,0.0,0.0,0.0,0.0,0.0,0.0,0.0,0.0,0.0,0.0,0.0,0.0,0.0,0.0,0.0,0.0,3.0,5.0,6.41353e-314,18.0,0.1816544079224633,1.6644621754098936,-0.0315568059334071,2.0,0.185615,120.0,0.1485121269402699
42,42.0,42.0,42.0,42.0,42.0,42.0,41.0,59832.0,32.0,0.0369091022749113,0.002,0.001,0.00389928,0.002,0.001,0.00194964,0.0008,0.0004,0.0060192,0.0060192,0.07654152,0.0,0.795029,0.022349,0.011394,0.178097,37.2944,47.7828,26.5,0.07848,0.1,0.03144,0.04,-58.0117,6.454028806211361,5.350748044488271,0.0,0.0,0.0,0.0,0.0,0.0,0.0,0.0,0.0,0.0,0.0,0.0,0.0,0.0,0.0,0.0,0.0,0.0,3.0,5.0,4.11e-321,19.0,0.0990506002392933,0.8647341023702656,0.3964850190345171,3.0,0.529975,599.0,0.0281435628418026
43,43.0,43.0,43.0,43.0,43.0,43.0,180.0,124678.0,78.0,0.0513760426482517,0.002,0.001,0.00123552,0.002,0.001,0.00061776,0.0008,0.0004,0.00506484,0.00506484,0.07090974,0.0,0.7163,0.039062,0.006143,0.181688,40.9857,62.7941,26.5,0.07136,0.1,0.02856,0.04,-56.2396,5.045891762025216,4.556534723473769,0.0,0.0,0.0,0.0,0.0,0.0,0.0,0.0,0.0,0.0,0.0,0.0,0.0,0.0,0.0,0.0,0.0,0.0,3.0,5.0,6.4742e-314,15.5,0.1963284117764628,0.7335809276288251,0.7181443123102257,1.0,0.297461,1247.0,0.0234841943090343
44,44.0,44.0,44.0,44.0,44.0,44.0,106.0,99932.0,32.0,0.0518167704143582,0.002,0.001,0.00120384,0.002,0.001,0.00060192,0.0008,0.0004,0.00369996,0.00369996,0.06148032,0.0,0.986125,0.034571,0.007958,0.163289,66.2249,46.8559,26.5,1.00472,0.1,0.40184,0.04,-56.2852,5.3562017034192815,4.723041511585259,0.0,0.0,0.0,0.0,0.0,0.0,0.0,0.0,0.0,0.0,0.0,0.0,0.0,0.0,0.0,0.0,0.0,0.0,3.0,5.0,4.11e-321,15.5,0.0667752753141813,0.5552429848276906,-0.4034642824436762,2.0,0.342194,1000.0,0.5631404994654995
45,45.0,45.0,45.0,45.0,45.0,45.0,66.0,94494.0,94.0,0.0594041589833356,0.002,0.001,0.00433488,0.002,0.001,0.00216744,0.0008,0.0004,0.00206382,0.00206382,0.08444634,0.0,0.456384,0.028336,0.011368,0.236229,26.1818,19.6531,26.5,0.06904,0.1,0.0276,0.04,-58.023,9.498355655641406,7.559746119523983,0.0,0.0,0.0,0.0,0.0,0.0,0.0,0.0,0.0,0.0,0.0,0.0,0.0,0.0,0.0,0.0,0.0,0.0,3.0,5.0,6.40524e-314,17.5,0.5120054703775305,0.852356115540853,2.115766709662286,2.0,0.6438090000000001,945.0,0.0674162635089778
46,46.0,46.0,46.0,46.0,46.0,46.0,217.0,11296.0,96.0,0.0447095442085705,0.002,0.001,0.00423984,0.002,0.001,0.00211992,0.0008,0.0004,0.0017754,0.0017754,0.07301712,0.0,0.659977,0.034486,0.008537,0.215517,46.5294,39.4621,26.5,0.0784,0.1,0.03136,0.04,-58.6915,9.87252313613352,7.8954918098918965,0.0,0.0,0.0,0.0,0.0,0.0,0.0,0.0,0.0,0.0,0.0,0.0,0.0,0.0,0.0,0.0,0.0,0.0,3.0,5.0,6.48285e-314,19.0,0.0932214976623693,1.4044663279989216,-0.2274993541023834,1.0,0.058558,113.0,0.0307116945273505
47,47.0,47.0,47.0,47.0,47.0,47.0,69.0,126973.0,73.0,0.0421965730143616,0.002,0.001,0.00625944,0.002,0.001,0.00312972,0.0008,0.0004,0.00223872,0.00223872,0.1052997,0.0,0.657084,0.008528,0.007967,0.064433,36.1952,23.9494,26.5,0.89464,0.1,0.35784,0.04,-57.9319,10.326655174865586,8.326710722573749,0.0,0.0,0.0,0.0,0.0,0.0,0.0,0.0,0.0,0.0,0.0,0.0,0.0,0.0,0.0,0.0,0.0,0.0,3.0,5.0,2.57187e-315,22.0,0.1832637278818579,1.1941834144076922,0.1240305483492059,1.0,0.462305,1270.0,0.0297515993317533
48,48.0,48.0,48.0,48.0,48.0,48.0,146.0,3629.0,29.0,0.0469481878390047,0.002,0.001,0.00780912,0.002,0.001,0.00390456,0.0008,0.0004,0.0018777,0.0018777,0.08333094,0.0,0.660265,0.033736,0.009304,0.213293,28.2365,61.7045,26.5,0.07344,0.1,0.0293599999999999,0.04,-58.3804,11.406497742950215,9.469038915973208,0.0,0.0,0.0,0.0,0.0,0.0,0.0,0.0,0.0,0.0,0.0,0.0,0.0,0.0,0.0,0.0,0.0,0.0,3.0,5.0,6.47198e-314,23.5,0.1066525936938121,2.632879116631784,-0.4748107735446237,1.0,0.101455,37.0,0.3068320159652211
49,49.0,49.0,49.0,49.0,49.0,49.0,42.0,59725.0,25.0,0.0315499168418314,0.002,0.001,0.0059202,0.002,0.001,0.0029601,0.0008,0.0004,0.00478368,0.00478368,0.08849808,0.0,0.492508,0.040485,0.007895,0.16807,59.1693,39.5836,26.5,1.028,0.1,0.4111999999999999,0.04,-58.2088,7.991742093771784,6.363537657997528,0.0,0.0,0.0,0.0,0.0,0.0,0.0,0.0,0.0,0.0,0.0,0.0,0.0,0.0,0.0,0.0,0.0,0.0,3.0,5.0,4.27935e-314,23.5,0.131857188205383,1.0738652342472674,0.2709895492827482,2.0,0.506871,598.0,0.079956399481668
50,50.0,50.0,50.0,50.0,50.0,50.0,162.0,88869.0,69.0,0.0473011305086653,0.002,0.001,0.00466356,0.002,0.001,0.00233178,0.0008,0.0004,0.0027687,0.0027687,0.09499182,0.0,0.69664,0.052407,0.011052,0.198369,49.9364,31.6461,26.5,0.13912,0.1,0.0556,0.04,-56.9479,8.856277291924899,7.021311556002193,0.0,0.0,0.0,0.0,0.0,0.0,0.0,0.0,0.0,0.0,0.0,0.0,0.0,0.0,0.0,0.0,0.0,0.0,3.0,5.0,6.47851e-314,20.5,0.2290948841361173,1.29957384052861,0.300985533977597,1.0,0.225382,889.0,0.1593850824098989
51,51.0,51.0,51.0,51.0,51.0,51.0,199.0,76472.0,72.0,0.0362626297076208,0.002,0.001,0.00498168,0.002,0.001,0.00249084,0.0008,0.0004,0.00400554,0.00400554,0.08159382,0.0,0.68138,0.029827,0.009337,0.208128,24.2291,32.975,26.5,0.0860799999999999,0.1,0.0344,0.04,-58.4831,8.00507226144624,6.373146795365924,0.0,0.0,0.0,0.0,0.0,0.0,0.0,0.0,0.0,0.0,0.0,0.0,0.0,0.0,0.0,0.0,0.0,0.0,3.0,5.0,0.0,20.5,0.2376116391088348,1.4054594538133842,-0.0601634565206807,1.0,0.35441,765.0,0.118938336877483
52,52.0,52.0,52.0,52.0,52.0,52.0,33.0,94115.0,15.0,0.0151217996195976,0.002,0.001,0.00542784,0.002,0.001,0.00271392,0.0008,0.0004,0.00191202,0.00191202,0.0555521999999999,0.0,0.659256,0.038613,0.004049,0.173831,64.8782,53.3018,26.5,0.96152,0.1,0.38464,0.04,-56.9283,10.369886425098008,8.369187685871104,0.0,0.0,0.0,0.0,0.0,0.0,0.0,0.0,0.0,0.0,0.0,0.0,0.0,0.0,0.0,0.0,0.0,0.0,3.0,5.0,0.0,22.5,0.1840736719550773,0.9205842388965052,0.2748877971837641,2.0,0.473259,942.0,0.0912634393145048
53,53.0,53.0,53.0,53.0,53.0,53.0,228.0,19026.0,26.0,0.0400577603151069,0.002,0.001,0.00799788,0.002,0.001,0.00399894,0.0008,0.0004,0.0024816,0.0024816,0.06163146,0.0,0.925858,0.031392,0.009267,0.211671,43.6374,58.8045,26.5,0.0664,0.1,0.02656,0.04,-54.7709,10.725968006146239,8.728976006375385,0.0,0.0,0.0,0.0,0.0,0.0,0.0,0.0,0.0,0.0,0.0,0.0,0.0,0.0,0.0,0.0,0.0,0.0,3.0,5.0,4.11e-321,23.0,0.0728489273615316,1.43846253282372,0.0251408042820914,2.0,0.195196,191.0,0.1206325382833021
54,54.0,54.0,54.0,54.0,54.0,54.0,215.0,79985.0,85.0,0.0613853889007809,0.002,0.001,0.01130316,0.002,0.001,0.00565158,0.0008,0.0004,0.00102696,0.00102696,0.09458592,0.0,0.708161,0.048404,0.010053,0.232016,54.7636,52.0571,26.5,0.8211999999999999,0.1,0.32848,0.04,-55.5915,13.381476672450377,12.08365643201872,0.0,0.0,0.0,0.0,0.0,0.0,0.0,0.0,0.0,0.0,0.0,0.0,0.0,0.0,0.0,0.0,0.0,0.0,3.0,5.0,4.28417e-314,24.0,0.2834478688278812,2.8072082229554622,0.6108692930639612,2.0,0.68435,800.0,0.1650289320120719
55,55.0,55.0,55.0,55.0,55.0,55.0,179.0,8905.0,5.0,0.024172412175322,0.002,0.001,0.01298088,0.002,0.001,0.00649044,0.0008,0.0004,0.00277662,0.00277662,0.105039,0.0,0.754488,0.042257,0.010832,0.207565,36.1099,31.8954,26.5,0.74712,0.1,0.29888,0.04,-58.1384,11.699259366539334,9.810302608335316,0.0,0.0,0.0,0.0,0.0,0.0,0.0,0.0,0.0,0.0,0.0,0.0,0.0,0.0,0.0,0.0,0.0,0.0,3.0,5.0,0.0,22.0,0.093267744787261,1.5697864394359275,-0.2815076898925405,3.0,0.246614,90.0,0.014005852540777
56,56.0,56.0,56.0,56.0,56.0,56.0,195.0,21076.0,76.0,0.0524057579072025,0.002,0.001,0.00458964,0.002,0.001,0.00229482,0.0008,0.0004,0.00071148,0.00071148,0.09626562,0.0,0.945951,0.046435,0.008223,0.176519,54.1795,46.0887,26.5,0.0624,0.1,0.02496,0.04,-56.1827,12.429755458069934,10.728152203077961,0.0,0.0,0.0,0.0,0.0,0.0,0.0,0.0,0.0,0.0,0.0,0.0,0.0,0.0,0.0,0.0,0.0,0.0,3.0,5.0,6.43864e-314,24.0,0.0978327686381762,1.6552078487902575,-0.0017798802174551,5.0,0.382642,211.0,0.0105463403249596
57,57.0,57.0,57.0,57.0,57.0,57.0,85.0,124199.0,99.0,0.0433599766032418,0.002,0.001,0.00934164,0.002,0.001,0.00467082,0.0008,0.0004,0.00227634,0.00227634,0.07871094,0.0,0.714793,0.050899,0.006257,0.19332,34.1972,57.3209,26.5,0.51312,0.1,0.2052,0.04,-56.705,11.372294970359578,9.430102126933258,0.0,0.0,0.0,0.0,0.0,0.0,0.0,0.0,0.0,0.0,0.0,0.0,0.0,0.0,0.0,0.0,0.0,0.0,3.0,5.0,2.16073e-314,22.5,0.2570502370960266,1.6785701123194203,0.5292269699211475,1.0,0.206312,1242.0,0.3030575307532379
58,58.0,58.0,58.0,58.0,58.0,58.0,84.0,127005.0,5.0,0.0665745932886973,0.002,0.001,0.00341616,0.002,0.001,0.00170808,0.0008,0.0004,0.00094578,0.00094578,0.08800968,0.0,0.186576,0.032667,0.01237,0.230148,44.0754,77.2903,26.5,0.0293599999999999,0.1,0.01176,0.04,-57.9234,11.03674337756826,9.058059489056761,0.0,0.0,0.0,0.0,0.0,0.0,0.0,0.0,0.0,0.0,0.0,0.0,0.0,0.0,0.0,0.0,0.0,0.0,3.0,5.0,0.0,22.0,0.132859906548268,1.0503925806471106,-0.0416977022472413,3.0,1.0374560000000002,1271.0,0.249125745212017
59,59.0,59.0,59.0,59.0,59.0,59.0,212.0,62063.0,63.0,0.0536360808544372,0.002,0.001,0.00615648,0.002,0.001,0.00307824,0.0008,0.0004,0.00128898,0.00128898,0.05529678,0.0,0.909076,0.022494,0.001273,0.148739,30.1808,29.1558,26.5,0.08152,0.1,0.03256,0.04,-56.528,11.751340975145135,9.87254350969708,0.0,0.0,0.0,0.0,0.0,0.0,0.0,0.0,0.0,0.0,0.0,0.0,0.0,0.0,0.0,0.0,0.0,0.0,3.0,5.0,6.40951e-314,20.5,0.100988636438352,1.291532829213416,0.4635315614324083,2.0,0.283916,621.0,0.0175492678187006
60,60.0,60.0,60.0,60.0,60.0,60.0,77.0,29722.0,22.0,0.0690015782645464,0.002,0.001,0.0079992,0.002,0.001,0.0039996,0.0008,0.0004,0.00172788,0.00172788,0.0950532,0.0,0.915847,0.04759,0.008535,0.17441,42.1053,59.6534,26.5,1.8436,0.1,0.7374400000000001,0.04,-57.4789,11.675270762609172,9.78179266047588,0.0,0.0,0.0,0.0,0.0,0.0,0.0,0.0,0.0,0.0,0.0,0.0,0.0,0.0,0.0,0.0,0.0,0.0,3.0,5.0,6.40273e-314,21.0,0.0683089680562491,1.0770757018416477,0.0059501599046557,0.0,0.0,298.0,0.7640808248491099
61,61.0,61.0,61.0,61.0,61.0,61.0,159.0,32184.0,84.0,0.0614516582536232,0.002,0.001,0.00130284,0.002,0.001,0.00065142,0.0008,0.0004,0.00195294,0.00195294,0.1134375,0.0,0.723179,0.052309,0.007175,0.148156,62.1396,47.1836,26.5,1.2684799999999998,0.1,0.50736,0.04,-57.753,6.513386561158728,5.386679465933857,0.0,0.0,0.0,0.0,0.0,0.0,0.0,0.0,0.0,0.0,0.0,0.0,0.0,0.0,0.0,0.0,0.0,0.0,3.0,5.0,6.44503e-314,20.5,0.1199717598802492,1.216302418346684,0.2043567582201028,1.0,0.167934,322.0,0.0645137563559439
62,62.0,62.0,62.0,62.0,62.0,62.0,11.0,22329.0,29.0,0.0707390542706056,0.002,0.001,0.00684816,0.002,0.001,0.00342408,0.0008,0.0004,0.00150216,0.00150216,0.07226472,0.0,0.289897,0.03398,0.006271,0.231589,30.6859,53.1024,26.5,0.4786399999999999,0.1,0.19144,0.04,-59.0074,11.637436866509196,9.73702904034554,0.0,0.0,0.0,0.0,0.0,0.0,0.0,0.0,0.0,0.0,0.0,0.0,0.0,0.0,0.0,0.0,0.0,0.0,3.0,5.0,6.43783e-314,21.5,0.111166642776077,1.2188181782232914,-0.1432314663571619,1.0,0.091394,224.0,0.1387384257196768
63,63.0,63.0,63.0,63.0,63.0,63.0,145.0,121863.0,63.0,0.0499058864497396,0.002,0.001,0.00402204,0.002,0.001,0.00201102,0.0008,0.0004,0.00245058,0.00245058,0.09183768,0.0,0.173453,0.016026,0.013074,0.21531,32.8033,42.4009,26.5,0.1176,0.1,0.04704,0.04,-57.1115,8.781611192379337,6.961593512771183,0.0,0.0,0.0,0.0,0.0,0.0,0.0,0.0,0.0,0.0,0.0,0.0,0.0,0.0,0.0,0.0,0.0,0.0,3.0,5.0,6.41624e-314,21.5,0.2796753797018735,1.752344949732385,0.9157010376050116,1.0,0.570156,1219.0,0.1035811201130173
64,64.0,64.0,64.0,64.0,64.0,64.0,209.0,86387.0,87.0,0.0180217933009266,0.002,0.001,0.00733128,0.002,0.001,0.00366564,0.0008,0.0004,0.00653202,0.00653202,0.0401808,0.0,0.521725,0.016863,0.006708,0.228678,29.8482,39.9171,26.5,0.5312,0.1,0.21248,0.04,-55.7884,7.731648705793822,6.1791532298852765,0.0,0.0,0.0,0.0,0.0,0.0,0.0,0.0,0.0,0.0,0.0,0.0,0.0,0.0,0.0,0.0,0.0,0.0,3.0,5.0,6.47379e-314,20.5,0.2062266696844228,1.120472687853871,0.3243734140710773,2.0,0.731506,864.0,0.473806205965352
65,65.0,65.0,65.0,65.0,65.0,65.0,60.0,29894.0,94.0,0.015071481676531,0.002,0.001,0.00362736,0.002,0.001,0.00181368,0.0008,0.0004,0.00066132,0.00066132,0.07335042,0.0,0.779131,0.048774,0.005772,0.274654,46.0792,58.8911,26.5,0.07576,0.1,0.03032,0.04,-57.7263,12.076143667260824,10.271554277583398,0.0,0.0,0.0,0.0,0.0,0.0,0.0,0.0,0.0,0.0,0.0,0.0,0.0,0.0,0.0,0.0,0.0,0.0,3.0,5.0,6.47643e-314,25.5,0.08470739830517,1.622663993062019,0.1048035812466567,2.0,0.132384,299.0,0.7953408784918385
66,66.0,66.0,66.0,66.0,66.0,66.0,18.0,57269.0,69.0,0.0366649189304152,0.002,0.001,0.00123156,0.002,0.001,0.00061578,0.0008,0.0004,0.00265452,0.00265452,0.096756,0.0,0.089404,0.033757,0.011329,0.170406,46.7291,50.9155,26.5,0.09272,0.1,0.03712,0.04,-58.9845,5.853344899007792,4.999162303871366,0.0,0.0,0.0,0.0,0.0,0.0,0.0,0.0,0.0,0.0,0.0,0.0,0.0,0.0,0.0,0.0,0.0,0.0,3.0,5.0,6.46968e-314,27.5,0.1911886694836547,2.1659092471406773,0.0638886948731283,3.0,0.5927370000000001,573.0,0.0666525492036146
67,67.0,67.0,67.0,67.0,67.0,67.0,17.0,76823.0,23.0,0.0679044427639198,0.002,0.001,0.00188892,0.002,0.001,0.00094446,0.0008,0.0004,0.00082302,0.00082302,0.08321148,0.0,0.5365,0.03487,0.009586,0.217772,26.194,39.7631,26.5,0.07104,0.1,0.0284,0.04,-55.4957,9.756987014145126,7.789998396545588,0.0,0.0,0.0,0.0,0.0,0.0,0.0,0.0,0.0,0.0,0.0,0.0,0.0,0.0,0.0,0.0,0.0,0.0,3.0,5.0,6.4793e-314,27.0,0.166341959871714,2.418301553479031,0.0517373814193381,2.0,0.557281,769.0,0.6829393621507238
68,68.0,68.0,68.0,68.0,68.0,68.0,246.0,126447.0,47.0,0.0749091068882668,0.002,0.001,0.00319308,0.002,0.001,0.00159654,0.0008,0.0004,0.0029073,0.0029073,0.08959434,0.0,1.23301,0.0209,0.005157,0.221316,40.2611,37.9809,26.5,0.11048,0.1,0.04416,0.04,-58.5018,7.675118488975144,6.139842842723622,0.0,0.0,0.0,0.0,0.0,0.0,0.0,0.0,0.0,0.0,0.0,0.0,0.0,0.0,0.0,0.0,0.0,0.0,3.0,5.0,4.26564e-314,30.0,0.2537604803081758,1.8984620361909623,0.358218378512841,2.0,0.791024,1265.0,0.3609436327544626
69,69.0,69.0,69.0,69.0,69.0,69.0,230.0,19032.0,32.0,0.0270989001729417,0.002,0.001,0.00657228,0.002,0.001,0.00328614,0.0008,0.0004,0.00066462,0.00066462,0.11013948,0.0,1.10455,0.030617,0.009014,0.14535,40.275,86.7534,26.5,0.04856,0.1,0.01944,0.04,-55.9748,13.216462548572887,11.834489702123905,0.0,0.0,0.0,0.0,0.0,0.0,0.0,0.0,0.0,0.0,0.0,0.0,0.0,0.0,0.0,0.0,0.0,0.0,3.0,5.0,4.11e-321,30.0,0.0831276736911682,2.156667791722867,0.078459133085241,3.0,0.32051,191.0,0.0757058316632592
70,70.0,70.0,70.0,70.0,70.0,70.0,157.0,61711.0,11.0,0.0483288185435698,0.002,0.001,0.00560076,0.002,0.001,0.00280038,0.0008,0.0004,0.00387618,0.00387618,0.04939836,0.0,0.45652,0.039964,0.000834,0.256725,46.8629,32.5446,26.5,1.07112,0.1,0.4284799999999999,0.04,-57.2308,8.41918063463745,6.679742487677543,0.0,0.0,0.0,0.0,0.0,0.0,0.0,0.0,0.0,0.0,0.0,0.0,0.0,0.0,0.0,0.0,0.0,0.0,3.0,5.0,4.26057e-314,26.5,0.246789039136645,1.428812675165071,0.8387447792708133,2.0,0.550327,618.0,0.1151274858093365
71,71.0,71.0,71.0,71.0,71.0,71.0,3.0,4862.0,62.0,0.0094120014289191,0.002,0.001,0.00566412,0.002,0.001,0.00283206,0.0008,0.0004,0.00137412,0.00137412,0.0750057,0.0,0.643475,0.039086,0.008467,0.193632,41.0015,48.393,26.5,0.08368,0.1,0.03344,0.04,-55.0251,11.383666051177102,9.443025833185464,0.0,0.0,0.0,0.0,0.0,0.0,0.0,0.0,0.0,0.0,0.0,0.0,0.0,0.0,0.0,0.0,0.0,0.0,3.0,5.0,0.0,27.0,0.1567934198163745,3.4571049864746715,-0.193315018095703,1.0,0.102837,49.0,0.0063964066827954
72,72.0,72.0,72.0,72.0,72.0,72.0,113.0,25784.0,84.0,0.0327503230560732,0.002,0.001,0.00379104,0.002,0.001,0.00189552,0.0008,0.0004,0.00355278,0.00355278,0.06688242,0.0,0.700425,0.033353,0.002753,0.179312,41.9934,36.1814,26.5,1.32768,0.1,0.53112,0.04,-58.6638,7.600552113850938,6.088397245142247,0.0,0.0,0.0,0.0,0.0,0.0,0.0,0.0,0.0,0.0,0.0,0.0,0.0,0.0,0.0,0.0,0.0,0.0,3.0,5.0,6.43462e-314,27.0,0.0492810840664087,1.4301714666539815,-0.121592938178876,1.0,0.07176,258.0,0.7901667969558474
73,73.0,73.0,73.0,73.0,73.0,73.0,207.0,128975.0,75.0,0.0246885032029146,0.002,0.001,0.0049104,0.002,0.001,0.0024552,0.0008,0.0004,0.00058542,0.00058542,0.12420606,0.0,0.336454,0.027608,0.012766,0.275473,26.7407,65.8028,26.5,1.11952,0.1,0.4478399999999999,0.04,-58.8547,12.938041382417412,11.427934874933733,0.0,0.0,0.0,0.0,0.0,0.0,0.0,0.0,0.0,0.0,0.0,0.0,0.0,0.0,0.0,0.0,0.0,0.0,3.0,5.0,6.47386e-314,33.5,0.1807972487384197,2.1794781308473308,0.1675019447442703,2.0,0.750017,1290.0,0.0340569063502249
74,74.0,74.0,74.0,74.0,74.0,74.0,99.0,93708.0,8.0,0.0604642442922858,0.002,0.001,0.00331716,0.002,0.001,0.00165858,0.0008,0.0004,0.00231924,0.00231924,0.09276234,0.0,0.584407,0.024945,0.006876,0.206136,49.0341,44.5112,26.5,0.73216,0.1,0.29288,0.04,-57.4807,8.390587500096574,6.658056471325511,0.0,0.0,0.0,0.0,0.0,0.0,0.0,0.0,0.0,0.0,0.0,0.0,0.0,0.0,0.0,0.0,0.0,0.0,3.0,5.0,0.0,32.0,0.3154373125617935,2.395574695419638,0.8845138966676257,1.0,0.482783,938.0,0.7220315833329639
75,75.0,75.0,75.0,75.0,75.0,75.0,184.0,59439.0,39.0,0.0492682397145348,0.002,0.001,0.0017358,0.002,0.001,0.0008679,0.0008,0.0004,0.0029073,0.0029073,0.09355962,0.0,0.404357,0.070625,0.004126,0.331394,37.1422,19.0444,26.5,0.10888,0.1,0.04352,0.04,-59.0911,6.294693172879916,5.2553945667520745,0.0,0.0,0.0,0.0,0.0,0.0,0.0,0.0,0.0,0.0,0.0,0.0,0.0,0.0,0.0,0.0,0.0,0.0,3.0,5.0,6.48381e-314,32.5,0.0685536210506779,1.786360669311127,-0.242806862930911,4.0,0.865813,595.0,0.8969086100815372
76,76.0,76.0,76.0,76.0,76.0,76.0,133.0,16929.0,29.0,0.0693553484963589,0.002,0.001,0.00899448,0.002,0.001,0.00449724,0.0008,0.0004,0.00264,0.00264,0.09901452,0.0,0.826401,0.048194,0.005129,0.206697,42.8819,25.4254,26.5,0.96568,0.1,0.3862399999999999,0.04,-58.1414,10.878642036095393,8.888836127742382,0.0,0.0,0.0,0.0,0.0,0.0,0.0,0.0,0.0,0.0,0.0,0.0,0.0,0.0,0.0,0.0,0.0,0.0,3.0,5.0,6.43667e-314,32.0,0.1451101826034929,2.027685076413781,0.1666253883008864,1.0,0.09208,170.0,0.6370641599813553
77,77.0,77.0,77.0,77.0,77.0,77.0,75.0,93708.0,8.0,0.0417260991819243,0.002,0.001,0.00401016,0.002,0.001,0.00200508,0.0008,0.0004,0.00272976,0.00272976,0.09276234,0.0,0.584407,0.024945,0.006876,0.206136,49.0341,44.5112,26.5,0.73216,0.1,0.29288,0.04,-57.4807,8.465826131855,6.7152892774860575,0.0,0.0,0.0,0.0,0.0,0.0,0.0,0.0,0.0,0.0,0.0,0.0,0.0,0.0,0.0,0.0,0.0,0.0,3.0,5.0,0.0,32.0,0.3154373125617935,2.395574695419638,0.8845138966676257,1.0,0.482783,938.0,0.7220315833329639
78,78.0,78.0,78.0,78.0,78.0,78.0,79.0,20578.0,78.0,0.0415181164471659,0.002,0.001,0.00463716,0.002,0.001,0.00231858,0.0008,0.0004,0.00449724,0.00449724,0.08590296,0.0,0.513414,0.032261,0.008408,0.211527,40.9378,29.8863,26.5,0.63904,0.1,0.2556,0.04,-54.6045,7.513027763880712,6.028593418686329,0.0,0.0,0.0,0.0,0.0,0.0,0.0,0.0,0.0,0.0,0.0,0.0,0.0,0.0,0.0,0.0,0.0,0.0,3.0,5.0,6.48101e-314,32.5,0.1368009224976859,2.4530725439727017,-0.0876444544208026,1.0,0.087791,206.0,0.5136713742257065
79,79.0,79.0,79.0,79.0,79.0,79.0,138.0,96115.0,15.0,0.0856562962434245,0.002,0.001,0.01298088,0.002,0.001,0.00649044,0.0008,0.0004,0.00277662,0.00277662,0.07977156,0.0,0.518935,0.036423,0.006025,0.21723,37.2291,45.6106,26.5,1.05368,0.1,0.42144,0.04,-56.7504,11.699259366539334,9.810302608335316,0.0,0.0,0.0,0.0,0.0,0.0,0.0,0.0,0.0,0.0,0.0,0.0,0.0,0.0,0.0,0.0,0.0,0.0,3.0,5.0,0.0,31.5,0.2931477509335349,1.7655691548594232,1.0163686986550062,2.0,0.655368,962.0,0.4213341007946707
80,80.0,80.0,80.0,80.0,80.0,80.0,158.0,9189.0,89.0,0.0480585976163061,0.002,0.001,0.01004124,0.002,0.001,0.00502062,0.0008,0.0004,0.00092664,0.00092664,0.07929174,0.0,1.16433,0.024393,0.007597,0.213285,27.5197,63.0301,26.5,0.64664,0.1,0.25864,0.04,-58.9148,13.35822265040247,12.048164311758498,0.0,0.0,0.0,0.0,0.0,0.0,0.0,0.0,0.0,0.0,0.0,0.0,0.0,0.0,0.0,0.0,0.0,0.0,3.0,5.0,6.41057e-314,31.5,0.0651286277666253,2.2394668665972626,-0.3359121239067497,1.0,0.093176,92.0,0.7848984599183965
81,81.0,81.0,81.0,81.0,81.0,81.0,249.0,8791.0,91.0,0.0431450473007692,0.002,0.001,0.00683892,0.002,0.001,0.00341946,0.0008,0.0004,0.00315942,0.00315942,0.07674348,0.0,0.818118,0.034941,0.005877,0.214867,46.6266,56.8974,26.5,0.7832,0.1,0.31328,0.04,-58.1447,9.586267114249868,7.637111951982189,0.0,0.0,0.0,0.0,0.0,0.0,0.0,0.0,0.0,0.0,0.0,0.0,0.0,0.0,0.0,0.0,0.0,0.0,3.0,5.0,4.26367e-314,31.0,0.0952678970825941,2.2702566009648293,-0.3599925656607902,1.0,0.082555,88.0,0.5355910607726166
82,82.0,82.0,82.0,82.0,82.0,82.0,20.0,18751.0,51.0,0.079398850277956,0.002,0.001,0.00515196,0.002,0.001,0.00257598,0.0008,0.0004,0.00135762,0.00135762,0.04337388,0.0,0.840123,0.019278,0.006189,0.244279,33.9161,13.0703,26.5,0.67272,0.1,0.2691199999999999,0.04,-56.5286,11.168226433129067,9.201718640315848,0.0,0.0,0.0,0.0,0.0,0.0,0.0,0.0,0.0,0.0,0.0,0.0,0.0,0.0,0.0,0.0,0.0,0.0,3.0,5.0,4.28012e-314,31.0,0.0733808472696326,1.988699581376193,-0.3642063157096676,3.0,0.2505469999999999,188.0,0.9163608538038144
83,83.0,83.0,83.0,83.0,83.0,83.0,21.0,25443.0,43.0,0.053318292110076,0.002,0.001,0.00690756,0.002,0.001,0.00345378,0.0008,0.0004,0.00086592,0.00086592,0.14874552,0.0,0.442529,0.02834,0.00633,0.091962,48.5021,66.1755,26.5,0.03208,0.1,0.0128,0.04,-55.4764,12.847016622651285,11.298674783294729,0.0,0.0,0.0,0.0,0.0,0.0,0.0,0.0,0.0,0.0,0.0,0.0,0.0,0.0,0.0,0.0,0.0,0.0,3.0,5.0,0.0,38.5,0.083824713697274,1.83541645798687,0.2693474609161878,1.0,0.094269,255.0,0.1099918947720538
84,84.0,84.0,84.0,84.0,84.0,84.0,70.0,93511.0,11.0,0.0508460795160127,0.002,0.001,0.00260172,0.002,0.001,0.00130086,0.0008,0.0004,0.0015015,0.0015015,0.06688572,0.0,1.16484,0.023226,0.001449,0.169268,32.2959,69.861,26.5,1.05688,0.1,0.42272,0.04,-57.4949,8.938035330933744,7.087370243901266,0.0,0.0,0.0,0.0,0.0,0.0,0.0,0.0,0.0,0.0,0.0,0.0,0.0,0.0,0.0,0.0,0.0,0.0,3.0,5.0,4.26057e-314,37.0,0.0821939680096291,1.976942292539121,-0.2918918100748738,2.0,0.334481,936.0,0.5001565731641553
85,85.0,85.0,85.0,85.0,85.0,85.0,126.0,20957.0,57.0,0.0467632863694846,0.002,0.001,0.00828036,0.002,0.001,0.00414018,0.0008,0.0004,0.00106128,0.00106128,0.10793112,0.0,0.543443,0.021925,0.00766,0.236267,39.4812,49.9505,26.5,0.8162400000000001,0.1,0.32648,0.04,-58.8598,12.8058989815758,11.24086193304027,0.0,0.0,0.0,0.0,0.0,0.0,0.0,0.0,0.0,0.0,0.0,0.0,0.0,0.0,0.0,0.0,0.0,0.0,3.0,5.0,4.27993e-314,38.5,0.1547287809305919,2.9008020426940746,0.2174146481480354,3.0,0.285126,210.0,0.7638550149838144
86,86.0,86.0,86.0,86.0,86.0,86.0,0.0,19732.0,32.0,0.0169920257288383,0.002,0.001,0.01146156,0.002,0.001,0.00573078,0.0008,0.0004,0.00240372,0.00240372,0.10457634,0.0,0.723412,0.026271,0.007702,0.233534,49.2477,71.356,26.5,0.7718400000000001,0.1,0.30872,0.04,-58.0718,11.747289338397211,9.867684621776908,0.0,0.0,0.0,0.0,0.0,0.0,0.0,0.0,0.0,0.0,0.0,0.0,0.0,0.0,0.0,0.0,0.0,0.0,3.0,5.0,4.11e-321,39.5,0.0766715227168098,3.644332199135401,-0.2227973154527783,1.0,0.08431,198.0,0.5343612712707303
87,87.0,87.0,87.0,87.0,87.0,87.0,51.0,84443.0,43.0,0.0495250619575167,0.002,0.001,0.00542784,0.002,0.001,0.00271392,0.0008,0.0004,0.00191202,0.00191202,0.09654942,0.0,0.948789,0.036398,0.005208,0.241011,34.7926,57.9092,26.5,0.07968,0.1,0.03184,0.04,-57.7058,10.369886425098008,8.369187685871104,0.0,0.0,0.0,0.0,0.0,0.0,0.0,0.0,0.0,0.0,0.0,0.0,0.0,0.0,0.0,0.0,0.0,0.0,3.0,5.0,0.0,41.0,0.1565516012927089,3.249761223070533,-0.1124867599532217,1.0,0.322937,845.0,0.2393839104525806
88,88.0,88.0,88.0,88.0,88.0,88.0,7.0,30834.0,34.0,0.0618708176669041,0.002,0.001,0.00168828,0.002,0.001,0.00084414,0.0008,0.0004,0.00084678,0.00084678,0.10691934,0.0,0.533261,0.017662,0.006696,0.267969,48.4125,47.0551,26.5,0.0324,0.1,0.01296,0.04,-57.7648,9.346178956029371,7.427960395329411,0.0,0.0,0.0,0.0,0.0,0.0,0.0,0.0,0.0,0.0,0.0,0.0,0.0,0.0,0.0,0.0,0.0,0.0,3.0,5.0,6.47436e-314,43.5,0.0595513429711684,3.1161714535005176,-0.2500089866592993,3.0,0.326999,309.0,3.974983415489596
89,89.0,89.0,89.0,89.0,89.0,89.0,29.0,30834.0,34.0,0.0414793553433243,0.002,0.001,0.0032472,0.002,0.001,0.0016236,0.0008,0.0004,0.00448734,0.00448734,0.10691934,0.0,0.533261,0.017662,0.006696,0.267969,48.4125,47.0551,26.5,0.0324,0.1,0.01296,0.04,-57.7648,6.683221253941664,5.4907534785342795,0.0,0.0,0.0,0.0,0.0,0.0,0.0,0.0,0.0,0.0,0.0,0.0,0.0,0.0,0.0,0.0,0.0,0.0,3.0,5.0,6.47436e-314,43.5,0.0595513429711684,3.1161714535005176,-0.2500089866592993,3.0,0.326999,309.0,1.8548814497667747
90,90.0,90.0,90.0,90.0,90.0,90.0,213.0,95852.0,52.0,0.0481627940275245,0.002,0.001,0.00632016,0.002,0.001,0.00316008,0.0008,0.0004,0.0033495,0.0033495,0.097581,0.0,1.42988,0.011452,0.003936,0.176148,60.2873,48.6699,26.5,0.03336,0.1,0.01336,0.04,-57.8802,9.18551124159989,7.291690790062303,0.0,0.0,0.0,0.0,0.0,0.0,0.0,0.0,0.0,0.0,0.0,0.0,0.0,0.0,0.0,0.0,0.0,0.0,3.0,5.0,6.4145e-314,40.5,0.2238928835907213,3.292203562395338,0.6560812727279477,2.0,0.491775,959.0,0.8738708289591678
91,91.0,91.0,91.0,91.0,91.0,91.0,43.0,22936.0,36.0,0.0348754797183835,0.002,0.001,0.00500016,0.002,0.001,0.00250008,0.0008,0.0004,0.00102234,0.00102234,0.0791241,0.0,0.603754,0.026203,0.003391,0.245675,31.5839,71.6209,26.5,0.382,0.1,0.1528,0.04,-56.1499,11.80848492296301,9.941378842316935,0.0,0.0,0.0,0.0,0.0,0.0,0.0,0.0,0.0,0.0,0.0,0.0,0.0,0.0,0.0,0.0,0.0,0.0,3.0,5.0,6.41236e-314,42.5,0.1352538554336306,2.8250276579076496,-0.2892408794346428,1.0,0.080172,230.0,0.9321730053842482
92,92.0,92.0,92.0,92.0,92.0,92.0,175.0,118040.0,40.0,0.0546241939911268,0.002,0.001,0.00323532,0.002,0.001,0.00161766,0.0008,0.0004,0.0008019,0.0008019,0.0818928,0.0,0.385039,0.01836,0.002122,0.261265,54.5383,61.9532,26.5,0.07624,0.1,0.03048,0.04,-58.0207,11.328405784282575,9.380417848219128,0.0,0.0,0.0,0.0,0.0,0.0,0.0,0.0,0.0,0.0,0.0,0.0,0.0,0.0,0.0,0.0,0.0,0.0,3.0,5.0,6.44043e-314,41.5,0.1824617230482969,3.010667342300574,0.3768542096945579,1.0,0.456195,1181.0,0.8904517805949197
93,93.0,93.0,93.0,93.0,93.0,93.0,248.0,64086.0,86.0,0.0564270809417089,0.002,0.001,0.00485628,0.002,0.001,0.00242814,0.0008,0.0004,0.0032505,0.0032505,0.12081564,0.0,1.02961,0.000688,0.009043,0.179669,52.8971,50.3408,26.5,0.05912,0.1,0.02368,0.04,-58.8162,8.513422506164604,6.751778677395161,0.0,0.0,0.0,0.0,0.0,0.0,0.0,0.0,0.0,0.0,0.0,0.0,0.0,0.0,0.0,0.0,0.0,0.0,3.0,5.0,6.47175e-314,46.0,0.2003419987265776,3.595305348055469,0.538009903654009,2.0,0.379016,641.0,0.1564169288636622
94,94.0,94.0,94.0,94.0,94.0,94.0,5.0,100291.0,91.0,0.0265122815052348,0.002,0.001,0.007293,0.002,0.001,0.0036465,0.0008,0.0004,0.00317328,0.00317328,0.09506838,0.0,1.42604,0.046807,0.00492,0.360487,48.4372,19.2787,26.5,0.13048,0.1,0.05224,0.04,-55.1491,9.76097467925004,7.7936119087103455,0.0,0.0,0.0,0.0,0.0,0.0,0.0,0.0,0.0,0.0,0.0,0.0,0.0,0.0,0.0,0.0,0.0,0.0,3.0,5.0,4.24996e-314,46.0,0.457842148482018,4.344182195413319,2.074611809429565,2.0,0.563183,1003.0,7.621146652271758
95,95.0,95.0,95.0,95.0,95.0,95.0,243.0,62649.0,49.0,0.0590463154441933,0.002,0.001,0.00650892,0.002,0.001,0.00325446,0.0008,0.0004,0.00109824,0.00109824,0.1238952,0.0,0.790499,0.027088,0.009039,0.237393,60.3368,63.8473,26.5,0.13688,0.1,0.05472,0.04,-55.3432,12.248716848062374,10.4914123659472,0.0,0.0,0.0,0.0,0.0,0.0,0.0,0.0,0.0,0.0,0.0,0.0,0.0,0.0,0.0,0.0,0.0,0.0,3.0,5.0,6.41506e-314,51.0,0.0962337273531502,3.3291393346230715,-0.0690350466010926,3.0,0.55748,627.0,0.7522040556258769
96,96.0,96.0,96.0,96.0,96.0,96.0,39.0,61033.0,33.0,0.0592794836935593,0.002,0.001,0.00152856,0.002,0.001,0.00076428,0.0008,0.0004,0.00226776,0.00226776,0.11586696,0.0,0.670649,0.028634,0.008212,0.289875,35.9476,85.1163,26.5,0.11808,0.1,0.04728,0.04,-55.0532,6.534498356966316,5.39951383040366,0.0,0.0,0.0,0.0,0.0,0.0,0.0,0.0,0.0,0.0,0.0,0.0,0.0,0.0,0.0,0.0,0.0,0.0,3.0,5.0,6.47963e-314,51.0,0.0478350131887942,4.170507715602191,-0.1916858745625423,1.0,0.089422,611.0,0.0774027578475705
97,97.0,97.0,97.0,97.0,97.0,97.0,103.0,59288.0,88.0,0.0451161890798796,0.002,0.001,0.00688908,0.002,0.001,0.00344454,0.0008,0.0004,0.00362868,0.00362868,0.10153242,0.0,0.792337,0.03906,0.001713,0.261304,48.1723,38.9807,26.5,0.06656,0.1,0.02664,0.04,-56.4593,9.203384467036056,7.3067067556971494,0.0,0.0,0.0,0.0,0.0,0.0,0.0,0.0,0.0,0.0,0.0,0.0,0.0,0.0,0.0,0.0,0.0,0.0,3.0,5.0,6.4722e-314,56.0,0.0569602269311784,3.7518484206960734,-0.1031413131766401,2.0,0.415612,593.0,6.14310629514372
98,98.0,98.0,98.0,98.0,98.0,98.0,27.0,11042.0,42.0,0.0449908438587481,0.002,0.001,0.00338448,0.002,0.001,0.00169224,0.0008,0.0004,0.00095898,0.00095898,0.0555984,0.0,0.517719,0.042898,0.008372,0.205315,26.2256,54.7461,26.5,0.07384,0.1,0.02952,0.04,-55.4971,10.974347182123394,8.990820059476755,0.0,0.0,0.0,0.0,0.0,0.0,0.0,0.0,0.0,0.0,0.0,0.0,0.0,0.0,0.0,0.0,0.0,0.0,3.0,5.0,6.47292e-314,11.5,0.1897539497804378,0.1423560443417587,0.0525041273548164,2.0,0.235101,111.0,0.0919007465235205
99,99.0,99.0,99.0,99.0,99.0,99.0,60.0,29894.0,94.0,0.0421474177212138,0.002,0.001,0.00167772,0.002,0.001,0.00083886,0.0008,0.0004,0.00057948,0.00057948,0.07335042,0.0,0.779131,0.048774,0.005772,0.274654,46.0792,58.8911,26.5,0.07576,0.1,0.03032,0.04,-57.7263,10.425705310156408,8.424411610106088,0.0,0.0,0.0,0.0,0.0,0.0,0.0,0.0,0.0,0.0,0.0,0.0,0.0,0.0,0.0,0.0,0.0,0.0,3.0,5.0,6.47643e-314,25.5,0.08470739830517,1.622663993062019,0.1048035812466567,2.0,0.132384,299.0,0.7953408784918385
